410.586793 4.120463 15.623679 7.565784 6.121791 13.096415 3.465021 11.257796 9.325458 14.047405 12.368777
358.773425 13.100928 10.814293 11.861418 14.118067 16.971404 4.012209 13.080626 11.298593 10.341144 12.109975
364.714059 15.386091 13.810127 13.335925 8.144714 8.058237 2.403588 10.060569 9.445042 9.864775 11.115109
341.449188 10.265547 10.395067 6.947511 8.735956 11.759621 13.927832 10.297194 4.229081 8.122463 13.027128
374.381939 11.282412 11.570126 10.183451 6.315623 11.040604 7.622273 8.301716 16.433557 4.560267 4.729313
312.704769 11.766973 13.220274 9.415977 14.031472 10.763050 8.556317 12.705954 4.407805 9.630823 14.101722
333.921695 7.486545 7.687271 8.112158 9.816999 6.708178 6.933821 12.291746 16.375982 5.531424 11.380819
415.045533 6.584322 7.031527 15.991580 11.382160 6.432184 8.684308 11.441552 9.483586 6.734500 5.364280
319.498799 10.157516 9.792671 6.143562 10.560450 8.153811 11.267921 9.115659 6.227998 6.413755 7.758962
352.760545 11.975260 9.845404 3.994595 9.399856 6.281912 11.654017 9.029905 15.280326 5.193489 10.172105
373.255914 12.402657 7.632985 8.701340 5.892033 11.059243 12.641499 12.777131 8.378966 11.755417 14.507486
311.866767 8.217170 6.922099 4.620155 9.958241 12.019593 10.923484 1.234038 10.735711 13.835901 4.507262
345.551352 6.458213 8.261049 8.654801 10.839432 13.362614 7.894539 15.475021 14.902935 10.074115 5.375331
387.315211 12.188555 9.817737 4.551430 8.610748 13.108323 12.288745 6.053141 6.921327 10.699030 12.222897
317.361328 10.297058 10.494825 7.420958 9.447821 15.042066 14.641218 2.577020 9.732152 8.892437 7.036728
339.078749 7.695849 8.688307 11.862404 6.882022 9.311296 11.715218 4.692632 9.838306 9.324599 8.813715
395.391957 13.960770 7.449638 12.176420 10.379754 13.131037 8.407733 7.479357 9.583131 10.887688 10.295634
418.446202 9.512364 13.219854 12.107267 13.671646 14.341400 9.922733 8.541080 8.119987 14.441719 9.889350
419.710783 9.547952 14.829670 4.542013 5.851063 10.439022 13.395460 10.726799 8.282191 8.958664 8.069494
372.932197 12.115735 10.069608 9.695098 13.879114 14.056030 9.307008 10.930634 14.979695 13.205852 15.557980
409.346528 9.457521 14.698980 11.443158 12.531250 9.415716 10.969655 10.485013 8.905275 9.097908 13.638262
366.801904 8.492900 7.251716 10.411653 7.793886 9.090076 2.732357 6.787475 4.452696 12.272342 17.718883
350.058422 7.249275 13.624830 7.011993 14.347176 8.829423 9.217709 9.883887 12.673398 8.689243 7.370494
448.045947 9.078588 11.784245 6.470720 9.952822 7.204665 4.773244 16.114895 15.418380 10.703423 15.016722
359.010780 10.226100 12.021115 16.069774 15.420094 11.812941 9.083969 7.511698 10.632002 8.314169 8.706713
404.707645 8.157141 10.721931 7.992470 11.641313 10.678972 8.872037 8.560997 5.720468 11.628428 12.853047
397.308095 9.781652 10.177459 2.705893 10.410979 7.067058 13.385125 14.843869 10.290154 8.210685 9.900767
358.960074 8.490901 5.684091 8.861815 13.349618 9.572412 9.004235 5.493199 13.681588 9.929000 9.171789
340.910800 9.988447 5.409609 11.129874 10.466171 14.140053 6.902954 2.910779 4.258052 1.769860 11.173015
369.818947 12.046592 11.042442 9.505077 7.008720 14.065365 8.046921 8.035158 10.874284 9.387949 10.318114
356.783917 11.846640 9.915349 8.346411 8.121250 10.126974 9.654981 14.339236 10.123831 12.322189 8.101748
324.733156 9.149378 12.829639 7.606155 15.494746 10.573972 13.317768 10.385635 15.393787 10.203387 10.096293
363.373690 16.119647 6.411341 7.862193 11.859854 7.938602 9.950074 12.571211 12.145150 11.811502 11.431088
344.064340 11.177361 8.715005 13.086880 12.523786 5.748178 8.795278 13.254257 11.942714 11.591564 14.306786
364.298467 9.346730 9.363876 5.209905 13.353893 8.358569 11.001719 5.068475 9.931156 11.363727 10.800505
353.213596 7.996344 9.915152 11.816986 7.535284 10.370890 12.716978 8.171684 11.370777 9.731810 9.616872
439.141177 15.881070 8.277053 7.534762 12.322599 11.666872 7.261541 9.899708 9.243437 9.276586 6.718313
366.131126 10.842232 8.171154 5.208508 8.918060 1.902251 10.535618 10.172155 8.558702 8.313394 10.324248
354.580516 12.129453 13.049868 4.353007 11.288031 10.946499 11.731298 12.355145 7.978330 5.946982 14.678339
450.462290 10.063217 7.540832 5.407162 8.172301 11.372564 6.199691 12.249257 8.444490 10.423757 13.264020
390.133131 7.182520 8.126193 3.762232 9.950296 10.159221 9.793174 11.443294 8.593495 6.235554 8.931014
412.832875 11.523311 10.351160 10.513332 11.371177 12.079042 10.582830 6.423238 6.793177 13.416523 16.368939
402.015202 18.421160 8.442984 8.233589 4.416175 7.171365 13.504063 7.445771 12.156624 4.540650 10.598130
421.447054 6.772800 9.104184 10.474499 10.143964 14.534517 10.967160 11.716938 14.963125 12.194731 8.251795
368.885648 7.007794 10.813137 13.202571 10.225749 12.560841 11.114258 7.415154 9.302602 8.974235 2.980814
318.284614 14.435603 5.612517 9.282797 8.919322 14.536353 5.831063 9.566567 8.528534 8.147121 4.489406
413.576068 7.932100 9.520453 7.987912 9.495377 17.314944 14.358907 7.391897 12.063979 11.732274 4.177641
331.403919 11.022797 9.879228 8.513676 13.224370 8.519505 9.067179 9.583669 9.254312 14.011973 8.693248
319.773768 8.836525 8.432206 6.600963 12.589103 10.761234 8.660380 7.639091 9.877647 12.123900 12.635105
462.956281 9.945600 9.384785 11.175485 0.451075 11.425352 6.147513 6.781282 8.368818 14.281892 8.126383
372.674003 12.710268 10.760104 8.490427 15.911665 12.157761 9.390999 11.719350 12.622924 9.389315 1.913521
372.537240 13.411406 8.827308 10.130922 8.834728 12.441151 13.486272 7.728447 7.660280 10.615381 10.136981
400.173788 9.066360 13.659818 11.008121 14.909404 7.057072 12.665630 9.853134 13.003478 5.242229 11.761727
377.675348 5.212621 11.689446 7.575483 10.354443 3.903669 11.130576 11.710134 11.436865 9.499763 12.516252
341.543319 7.461122 10.829349 5.798488 17.144442 11.448368 10.994612 8.693597 7.776267 11.295915 12.508545
347.306297 11.312673 16.041874 14.481396 15.106057 8.211351 4.737921 8.717877 11.715225 11.266823 9.800178
361.273190 7.680660 2.826994 10.875113 10.141180 7.009765 5.781517 8.309447 10.880259 12.236524 7.768390
360.998758 5.538150 8.467915 10.184529 7.065795 5.061060 8.981517 11.925195 9.493294 11.182163 3.642256
361.935766 8.858064 6.511034 11.596335 15.067156 9.812619 9.889092 10.049033 8.977055 11.683095 12.431059
351.524338 8.795930 10.778277 10.366446 12.016287 10.106150 12.302868 20.173915 16.631693 12.694981 8.531789
373.003895 11.683997 5.560097 16.615881 11.024232 11.708309 5.879046 13.962665 12.286066 15.561008 13.935556
327.034042 9.722059 11.363323 10.646826 6.845316 8.993174 11.647623 6.948744 11.082392 7.194245 9.841395
466.478005 8.721340 8.213338 5.448209 14.045846 13.299290 13.623875 8.085361 11.506722 7.601535 13.123622
393.914512 9.230846 9.753532 9.082574 9.273315 9.310793 10.322693 11.559173 10.463553 12.074966 7.441420
478.436706 8.779371 5.256641 10.398784 10.526094 6.605064 10.717198 2.484812 5.648964 8.835738 9.544307
373.444253 5.188557 12.237919 4.845644 14.714405 10.694432 6.345485 7.613585 8.517951 11.419002 11.920685
340.355229 12.880291 4.372582 12.960593 8.865974 9.224123 14.214570 7.519638 6.440460 13.300523 10.008567
391.727435 9.345013 6.470778 4.389617 5.492836 9.279145 9.441389 2.061758 13.478452 7.758047 8.686544
420.707207 16.681310 15.087667 12.979641 10.478955 8.330426 9.523544 7.958459 4.725039 12.561066 9.972899
377.000332 7.469560 9.695897 9.747540 9.096533 14.822263 6.663103 8.396913 3.825403 13.595735 11.858016
426.902133 14.011940 11.816518 8.099223 7.413492 10.219689 8.126507 7.470484 11.604056 14.920416 9.863608
464.680249 17.256651 16.164769 5.212313 13.575234 11.422991 10.606669 6.516565 6.220231 8.428727 10.206913
345.009001 12.273977 9.803006 10.532934 10.793097 12.017172 3.184116 8.400292 8.611029 8.166558 11.613637
407.123116 11.088788 5.204940 6.666112 6.214543 12.013085 12.029634 12.403741 7.326899 9.267910 8.801528
313.511394 5.974848 14.777701 9.346995 16.679088 7.149565 13.231907 8.999667 9.661013 9.794372 11.987163
387.417090 15.142902 9.484192 9.777501 6.251085 12.606086 6.017957 19.233219 14.952088 9.009360 11.577840
357.248579 8.933975 11.257150 15.435302 5.355401 14.137470 10.732387 10.446532 6.572154 9.805067 8.052795
336.475884 10.003942 10.658983 16.886351 12.911176 13.096140 13.834191 5.308997 13.074540 11.420949 8.312709
331.313189 6.111832 11.797797 9.381068 11.689402 14.508265 4.125750 9.545634 10.424945 14.077868 6.211856
397.160438 8.600250 10.912685 9.699370 9.553831 5.466595 5.900012 13.326635 5.391705 8.107002 8.676667
347.303644 12.319895 8.243207 8.678047 7.269859 7.679192 4.629745 12.449744 15.660283 10.341131 12.636360
361.832317 11.516104 4.355533 6.645391 6.657191 9.564268 9.235378 10.078648 10.682072 10.929647 11.277455
349.486035 12.216821 7.598431 14.127377 8.355649 12.084311 11.412580 7.992493 7.946839 7.786509 14.008173
