410.586793
358.773425
364.714059
341.449188
374.381939
312.704769
333.921695
415.045533
319.498799
352.760545
373.255914
311.866767
345.551352
387.315211
317.361328
339.078749
395.391957
418.446202
419.710783
372.932197
409.346528
366.801904
350.058422
448.045947
359.010780
404.707645
397.308095
358.960074
340.910800
369.818947
356.783917
324.733156
363.373690
344.064340
364.298467
353.213596
439.141177
366.131126
354.580516
450.462290
390.133131
412.832875
402.015202
421.447054
368.885648
318.284614
413.576068
331.403919
319.773768
462.956281
372.674003
372.537240
400.173788
377.675348
341.543319
347.306297
361.273190
360.998758
361.935766
351.524338
373.003895
327.034042
466.478005
393.914512
478.436706
373.444253
340.355229
391.727435
420.707207
377.000332
426.902133
464.680249
345.009001
407.123116
313.511394
387.417090
357.248579
336.475884
331.313189
397.160438
347.303644
361.832317
349.486035
