357.441099 11.604663 5.835365 13.038488 12.664082 6.809494 0.663192 16.050083 5.327579 7.011685 6.116348
424.043929 10.269048 16.951966 8.522692 8.782538 3.507135 5.067819 13.366871 12.188439 9.865324 14.612453
410.335090 11.709942 9.520898 9.551163 9.846221 12.173802 9.475738 8.853647 0.944575 13.158668 10.015707
415.891892 11.897913 13.756225 7.951681 16.832407 14.408460 13.594303 5.573107 7.865336 9.361486 14.509157
373.692933 14.014344 14.850340 12.946893 4.880052 10.650637 8.378263 6.411865 7.816746 10.221953 9.155856
338.852794 13.342209 7.836539 15.462760 10.247468 4.255209 7.241320 5.763204 6.536944 8.396033 10.424449
389.367755 9.263634 5.445173 14.245531 7.520279 10.806041 10.407853 9.936681 10.270135 10.855068 10.693922
401.082439 12.106807 11.698793 13.015920 11.912842 8.639548 12.761852 8.692274 10.432262 9.339553 10.158434
357.489911 12.051676 7.380661 11.966313 10.610473 5.573952 10.510747 4.420235 12.906658 8.480424 15.438780
396.583939 10.358765 14.075957 9.214226 9.816764 9.367252 5.878381 11.775923 10.574653 7.922483 9.633039
403.632338 12.265061 10.289044 9.389362 7.602702 8.777613 6.910480 13.194168 8.164121 9.249448 6.246252
413.661219 11.657350 11.830670 8.333910 4.275465 11.863576 11.602212 13.412339 5.859020 4.767769 8.034016
359.832114 7.186696 14.678241 7.099724 6.072508 8.379289 8.579969 6.742341 7.342332 16.512534 8.136561
372.908162 14.461217 11.980258 8.358001 6.941157 19.246400 7.379311 9.020651 4.607781 6.186564 3.602211
337.695571 9.223549 11.105876 10.293745 10.673429 6.421775 8.074131 9.356698 10.860559 11.513431 9.054343
358.433719 13.529205 11.810967 10.927259 8.856755 7.764551 7.779056 12.887680 10.315084 15.240753 11.355621
335.227257 9.797115 9.423467 8.828743 9.701279 9.569448 11.260259 10.711398 5.860098 11.124786 10.385768
314.080325 12.196981 8.590376 11.077231 16.576564 14.509651 9.743208 9.304681 9.791047 11.191847 7.869437
404.713149 5.257081 5.357149 14.573518 11.786031 3.950396 6.040829 11.955345 11.118916 9.462629 7.644076
327.834406 16.962232 5.690187 16.696596 9.292414 9.691923 12.929283 11.870137 4.482406 11.671139 10.395204
364.258703 8.585056 12.873302 8.967170 12.306902 6.929396 14.747992 15.328923 13.012465 10.328849 6.281501
318.136364 9.074754 9.019626 15.077538 13.337963 10.451004 8.789467 8.851339 8.328720 10.782507 8.055591
404.517051 9.664188 10.037564 10.548222 10.072391 9.530419 6.478510 15.033969 11.323017 9.910774 9.088583
435.581376 6.821855 10.577102 7.804677 5.483290 6.657184 13.931759 11.120765 8.674953 11.062932 11.015737
342.136398 10.931068 4.769812 9.510174 6.272518 9.308356 6.742373 12.334770 4.650712 7.458430 11.145747
352.437272 9.163989 15.167985 15.401224 11.958613 10.902471 6.300221 10.524464 8.417775 13.235772 12.391109
377.937404 1.383483 11.369356 13.209160 12.958198 13.671868 10.802123 11.146949 4.703609 12.739531 12.220944
402.479256 6.451476 16.014566 5.855758 10.746657 8.711506 9.404700 12.326129 7.298626 6.672514 7.198596
352.709567 10.590552 5.985682 14.352122 12.929992 11.294289 11.739135 15.427477 10.204080 11.633339 11.859793
404.201874 5.543327 15.565609 9.307234 10.134631 13.446517 18.913530 6.632506 13.122574 10.977317 12.481625
348.426559 3.858616 8.817517 10.584797 9.257256 12.199234 13.209688 9.937059 13.575455 11.681296 8.297628
370.984178 8.619052 13.299588 11.272291 6.355881 8.064731 12.185839 10.372677 8.764582 10.592321 6.401368
391.116818 12.577095 10.610022 9.940150 8.985060 14.887787 7.382790 10.384396 6.457709 10.708665 13.069778
338.175854 8.246833 10.585599 9.608611 6.214790 11.338607 8.783816 9.236573 12.026028 11.558021 11.878796
451.406134 11.813617 11.819490 11.531386 7.620120 7.533971 9.992866 5.740846 11.206938 9.474529 8.162004
335.436423 9.114728 10.787392 4.950441 7.998653 7.770936 10.258602 6.852309 12.534196 13.844691 7.462750
411.302280 8.994771 9.941254 10.206154 11.214032 8.685370 9.301110 9.898269 9.283467 6.830866 9.207908
415.738087 13.861052 11.372236 7.996562 12.482692 10.601113 11.834240 11.049211 8.853285 10.758316 12.835489
324.391520 12.747568 9.113449 10.440651 14.888322 5.684276 8.603664 8.078491 15.207835 8.837968 10.445117
315.042968 12.854402 6.078556 7.825229 13.399336 14.032918 6.937034 5.340416 6.379278 9.095704 10.420807
341.947935 7.330917 11.494495 12.688757 5.434601 12.341424 11.754182 13.108147 7.068090 13.815326 8.372083
341.750568 10.058255 5.725329 8.312396 10.787681 11.990048 7.786118 12.906245 21.546876 7.507009 12.685587
359.036478 11.550408 9.070918 5.969759 10.449615 12.618845 12.372530 5.786179 11.028953 12.627979 15.861536
380.301543 4.219875 11.927814 9.660971 13.468283 11.660739 6.804143 7.996164 12.995666 12.528765 9.064030
355.310045 10.762774 10.462407 10.919569 11.111107 5.721558 12.629123 8.739447 8.186848 7.321037 11.210518
344.281970 12.046595 10.880848 8.246716 7.877918 7.690362 11.938459 5.689481 15.124677 11.720706 15.600023
344.757737 10.142189 10.679283 10.672887 6.273989 10.645335 6.249779 15.695413 9.988457 12.897828 15.681951
331.031202 8.451338 11.225748 11.677302 15.412322 9.618778 7.645619 7.408311 10.087310 13.734959 11.099675
409.623432 15.172818 9.242935 6.496606 8.954489 9.123463 13.520825 5.667480 10.027371 6.985897 13.461343
322.484904 5.130827 5.897290 12.709803 2.736604 8.058681 9.094222 12.721467 11.618964 12.506858 12.726516
342.289345 14.836630 14.482514 8.206270 10.846870 10.103959 10.228308 8.076175 6.388531 7.011598 7.219032
391.198786 9.341703 8.707169 9.783149 12.975616 10.836802 6.386960 9.027726 12.341972 15.701269 9.116088
365.061391 10.473326 14.639489 12.193593 9.049485 8.523650 16.075772 14.867103 11.487726 6.251630 16.222253
325.366788 12.539345 11.954512 12.210452 7.495262 12.926949 9.912376 13.950870 6.342885 10.169719 8.686281
422.222805 13.706621 11.330801 13.083370 9.626884 4.426775 8.817364 11.055531 9.660236 15.143075 13.240675
338.711282 12.006855 13.120767 9.521706 5.894388 11.175608 5.824287 11.957688 7.830124 7.595527 11.264036
322.044771 8.074342 6.937559 8.805383 8.166682 7.859674 7.794575 6.510622 10.461636 10.694872 15.089206
313.788478 3.620842 14.653840 8.663661 15.905337 4.212652 13.328360 12.038592 6.634985 14.860022 6.664354
327.351503 8.972612 12.206537 6.380170 8.549161 11.611921 9.228848 7.669441 5.228689 14.439905 8.006300
341.795672 6.656172 13.607543 6.800548 3.702559 14.276438 14.024574 6.863954 12.283216 9.370180 10.423696
459.416884 8.284630 8.901037 10.412641 11.295830 6.011077 10.556426 3.161175 9.699667 11.344684 16.058547
329.048831 10.355863 11.081023 7.611391 8.497142 10.996522 3.712197 10.085042 8.781119 11.618089 9.529683
403.843723 6.591492 11.226441 4.204219 4.854970 12.325189 10.395778 8.498287 10.677568 8.038450 9.782291
345.302631 9.608996 8.743724 7.090463 10.794912 7.098005 7.844568 7.912270 6.571222 11.453917 15.419403
424.147305 10.419477 11.557753 5.039369 12.818679 11.878667 8.670954 13.812423 11.594232 9.282265 10.584043
325.556599 9.914287 10.957472 8.396794 11.150027 11.581603 12.413423 7.665725 8.910622 12.274313 5.698588
410.384677 6.824200 6.189638 9.477881 5.926099 12.992187 11.942856 13.302663 12.236492 11.903245 14.409375
387.571690 12.664100 9.859723 10.009396 11.399254 6.730807 10.453518 5.518930 11.441797 8.729438 15.288040
335.495790 8.115589 7.811749 16.229632 13.218783 12.487508 8.249840 12.050516 11.487931 10.221117 2.461276
359.898310 8.416336 8.745412 14.099491 12.210893 14.695452 7.649408 6.860088 8.711339 11.692136 10.701456
376.516651 4.216613 13.390273 5.972148 6.440617 10.059837 8.311158 12.686007 12.384227 9.479161 8.761934
349.997197 8.877536 11.027284 12.111272 10.878775 11.160875 10.143761 7.016366 10.549021 7.440125 10.703216
369.490907 7.454612 10.470373 8.740986 7.812372 9.235734 12.249431 4.575675 8.294305 11.920570 9.333717
402.309510 9.528246 6.248489 12.121489 9.253358 8.734386 7.087684 8.054244 10.599219 10.856839 12.884101
330.933153 14.848806 7.515672 12.244391 11.834400 10.596667 10.949526 14.269194 5.519866 7.386006 8.949210
396.190178 14.310846 10.946528 7.087747 6.187807 8.217663 9.982606 13.263608 12.642824 10.042426 4.767853
315.154955 8.766625 8.251177 15.195904 11.456107 11.643954 11.014200 5.936831 9.414595 10.738259 12.289379
401.208029 9.538884 11.622756 10.189161 13.514679 5.349695 11.525874 11.723805 11.828075 12.839196 4.401453
359.355372 8.089742 11.373910 12.496250 11.948687 8.190008 7.467164 7.113435 10.489266 13.471756 10.263344
411.126258 6.673571 7.571335 11.505951 13.406733 11.433525 9.260115 9.138262 10.335715 10.618242 11.534701
359.889874 11.448738 8.622635 4.908472 10.016181 10.407531 15.304053 12.646250 7.836049 7.820807 12.707143
348.598062 8.833698 7.976865 13.480891 7.360813 14.484184 7.909441 8.830884 16.304732 11.147435 8.111045
346.201978 10.494887 10.244787 2.372757 7.569079 9.193104 10.699981 7.746897 9.604818 7.687099 12.015239
329.247406 14.142962 10.594115 11.848847 14.655091 13.357898 8.252731 15.480121 9.052320 15.930725 13.201257
367.920636 10.979300 11.490545 13.151039 5.045355 10.953640 8.949829 13.829114 11.263320 9.491133 16.878549
389.327863 10.591717 11.484400 4.762526 6.165935 9.339331 8.607644 9.972560 10.311799 13.798363 7.780637
365.481222 5.175490 10.843238 11.008159 13.417161 11.425049 12.747663 11.932880 12.648520 16.006301 5.269244
350.555932 8.421053 8.514527 12.487586 8.811617 13.479822 9.601209 7.722673 12.239402 7.258858 10.138228
353.847054 11.609147 9.082507 8.889851 6.698901 9.860647 9.208748 7.085561 12.653687 10.928819 7.011066
397.755372 7.724717 4.174283 13.274299 12.321505 10.557814 3.895058 10.159390 13.855861 11.107620 13.205646
347.115168 7.538948 16.163946 12.429499 8.879173 8.224968 10.961761 6.514209 9.928871 10.948476 8.654771
348.808200 10.030780 10.966650 14.630061 7.377212 9.498515 10.378796 9.082480 10.260131 12.379563 6.453839
366.952948 17.897591 7.342892 5.450927 12.930692 8.339798 9.375530 5.521702 7.507642 8.428435 6.727612
369.960674 11.820732 15.191578 6.610027 6.404785 10.319185 9.008718 6.242639 5.290960 17.597390 9.089759
321.455403 4.801956 11.396388 12.061610 7.843115 9.820937 6.800050 4.483716 4.309166 10.859373 4.647166
416.718412 11.968813 7.242146 12.673154 8.495252 7.512317 12.135436 11.227879 10.012675 9.977469 13.860326
340.992619 10.580669 7.146766 10.248286 10.969264 10.047170 8.480454 8.433321 9.364009 5.469265 11.544286
372.811347 12.216379 12.713865 8.348494 10.340719 4.128171 10.187164 6.996158 9.529845 10.893808 13.024963
410.933849 12.568010 11.330371 11.892111 5.014611 10.272053 9.851636 17.624372 10.756115 12.211740 11.330393
397.608991 8.184883 12.068610 8.919598 11.470679 12.090430 18.470354 11.412273 9.036775 6.684995 13.943034
348.256883 11.347106 9.209640 11.492197 4.584103 5.312386 11.576921 11.861548 10.692760 9.536706 14.881831
407.197521 12.366782 11.674563 12.006073 17.010741 10.146781 10.163172 11.038393 10.654377 9.042019 13.954399
337.450853 4.094241 8.899002 9.390851 9.415281 9.707806 7.503969 8.207886 11.255079 12.724301 13.481286
375.885978 6.983933 13.189297 12.000097 10.679638 4.260044 10.119354 7.859436 9.560978 14.127001 8.238612
397.401196 13.261157 8.786989 12.846198 9.164610 5.595967 4.105037 8.296475 10.803225 8.039758 6.270641
404.482361 8.473500 6.828633 0.078197 9.741724 7.282386 11.496971 9.296352 8.472281 14.582632 11.022298
323.423331 10.169313 9.910883 14.775464 12.371101 12.987005 4.073069 12.904054 10.874723 7.220394 14.365423
438.669875 9.768410 12.721998 11.603751 11.256800 10.370463 10.179799 8.555754 11.506673 11.310803 6.074877
424.282406 10.782122 11.104028 10.965264 6.950184 15.440934 15.492950 13.133112 8.840446 10.411498 13.097913
418.957917 8.584428 5.361178 7.086168 14.363006 10.405479 10.957283 8.190361 17.657268 10.355517 9.421060
361.218017 10.249013 10.017152 8.507370 9.034007 8.217442 14.095499 10.397404 13.040148 8.763907 10.964139
376.646471 11.504735 12.204359 10.313572 9.260434 9.076792 8.426931 7.205382 8.589097 11.377653 9.868473
330.011038 10.704484 12.874428 11.609042 7.905664 10.759093 5.751004 7.606168 7.483655 7.057470 11.059905
363.562607 9.478693 4.604987 10.603492 10.670146 7.832322 13.128916 12.513118 11.927855 2.569413 12.454894
331.996734 10.530988 7.715034 8.149313 10.908682 9.879822 6.832141 12.478115 5.993920 8.577287 9.224015
335.250981 12.189596 15.708134 9.552117 12.034667 4.578332 11.293159 11.814979 10.781771 16.653414 12.957855
370.997325 11.485912 7.160257 13.121728 8.227804 9.118480 5.487223 12.679612 5.732239 11.471635 6.020338
405.205371 9.422175 12.791789 10.747723 14.612265 9.263335 12.816637 13.690521 14.533002 16.445593 12.816547
373.607108 12.335522 11.783596 12.072936 12.614934 7.090779 6.188547 10.672723 10.710377 10.005304 5.340426
332.508112 10.257187 5.537112 9.427754 1.370608 10.660943 9.860904 12.673029 13.655562 11.798382 9.544875
370.297656 6.962308 10.456178 15.516265 10.560366 9.375499 13.706300 7.134282 14.087071 8.446056 8.045480
330.943584 14.253576 2.455946 3.282000 9.782498 11.807117 6.027928 5.119988 11.632525 9.909906 8.357845
358.939554 11.278670 9.970267 9.272230 8.467731 7.598576 9.730137 8.260080 10.023016 6.531145 9.575627
311.453779 16.448661 12.527637 11.670806 9.927566 10.377814 9.075164 3.379037 7.991288 8.107651 11.780385
358.257708 10.082676 12.413379 10.174928 11.635228 14.507868 14.104669 12.046051 3.604890 9.073675 6.407509
395.553352 10.025602 12.148608 13.190512 6.262805 11.799199 9.290762 10.384128 11.249800 14.646849 7.801042
354.474436 10.061709 11.823630 14.013077 6.333650 9.968486 18.634080 9.838397 6.844544 5.915055 13.923209
368.140048 18.879601 8.853559 12.328551 9.023993 11.926177 11.338865 9.415198 11.619359 9.595741 16.314188
474.337239 14.808018 13.846660 8.506866 17.202843 9.475124 10.401096 11.688962 10.444432 5.629555 8.342768
382.584516 9.647870 5.721210 15.443061 10.315128 10.107364 10.599048 8.746248 11.143405 7.563890 10.126980
350.819626 10.033714 11.653477 11.818247 9.193851 14.408106 8.017826 9.213555 5.885597 7.212591 10.944234
385.186455 2.391515 6.613737 8.351127 7.239180 8.004043 6.381809 6.536349 11.055879 9.971079 10.796630
373.800306 10.513659 11.302168 12.603926 8.771857 11.485395 5.238692 11.216487 14.908071 9.417392 12.476889
404.525899 8.617078 7.383997 14.148538 9.986514 9.448808 9.587842 9.829009 9.361773 9.361362 6.666018
432.833003 10.468623 7.533227 11.302210 15.342024 9.739402 13.291169 9.609179 9.535048 5.674699 12.291989
373.767242 5.077055 6.901042 5.871735 4.841749 12.255553 8.718201 10.865755 5.791845 3.851480 10.621526
340.065010 7.428307 6.495650 16.437367 10.682390 8.747963 16.522931 12.457846 11.856620 11.041143 4.471514
312.084088 12.783034 5.702191 7.496773 5.935982 6.503901 6.239709 11.102834 9.556245 13.013757 8.122672
428.599734 6.396644 15.799758 7.942693 9.548467 9.883494 6.927389 8.302376 11.932963 15.629069 4.153916
352.440944 5.010170 6.039777 7.092797 8.972420 15.444554 3.307140 7.012039 15.082446 13.338910 8.082577
378.428198 7.875725 14.039701 6.911208 5.286181 7.081314 12.851860 13.201112 14.373994 13.067244 3.855704
376.443722 11.648401 7.385746 11.452075 8.247017 8.326167 9.388582 10.032057 12.308856 5.727071 13.204890
355.428194 11.610662 6.490253 9.197108 6.641915 11.613264 10.423204 7.959177 9.586029 10.870723 9.739872
348.828983 6.925245 7.396547 11.631514 10.212519 9.114207 11.062935 12.203601 9.957485 9.407449 12.606453
393.841260 2.965977 8.193392 7.756127 11.958985 10.060630 15.355061 9.008569 11.918980 5.433243 9.627814
383.278784 12.026606 5.803060 7.469559 9.196804 7.036038 11.089585 13.990951 8.727365 10.930544 8.928926
398.046870 13.146322 12.979132 11.245718 16.304739 11.327423 11.089103 4.672636 11.705359 11.605957 7.462756
329.575208 6.959436 11.244758 10.685184 9.960993 7.432328 12.540452 10.632130 7.934756 6.263522 6.297731
374.567991 8.742832 14.093545 13.362588 8.357408 7.566906 10.943764 10.008692 5.176469 9.952412 15.286592
314.211389 13.748277 6.811628 7.520542 9.590863 7.592981 10.254657 8.037755 7.787343 8.273849 7.899583
326.553442 4.892990 6.385020 18.061763 13.506197 12.051985 11.687066 9.973253 12.071320 13.771248 13.347316
410.186825 10.600132 11.065482 12.834622 7.150127 10.222259 8.753375 13.676517 7.259247 12.572807 12.944952
452.393835 7.637158 14.833568 11.092729 17.749805 9.365509 10.460503 7.359944 8.050999 8.624445 11.181423
433.793069 8.199282 8.555700 13.801701 8.591401 10.104561 7.677027 16.306933 9.625274 11.675065 7.835572
408.516367 6.005205 13.911564 13.828645 11.681291 8.897630 12.653104 15.751537 12.889243 9.142295 9.521597
340.388649 7.772360 12.694210 17.346020 8.705453 9.746526 7.423889 13.097494 7.509778 4.606322 9.810313
348.377412 12.145203 10.974131 5.829565 11.278433 13.249533 11.856980 13.938040 12.060931 9.001631 8.226356
407.519154 8.089777 11.773582 12.147494 10.644475 5.747715 9.346504 9.455145 12.687974 9.071445 9.507523
370.879470 16.236358 12.908450 9.865024 13.349758 6.887857 11.822566 11.106770 9.538788 7.089514 9.412791
383.652244 5.867186 10.916448 6.061856 11.278725 9.953479 9.177398 10.681930 13.626988 7.620041 14.740446
431.217577 12.551217 9.772338 8.538034 15.424657 9.028107 5.993000 5.250067 11.604907 14.999027 13.155228
317.905660 11.022368 11.283269 10.625849 7.422132 9.895787 10.683861 12.436489 12.825400 11.129854 7.816485
314.335595 12.135078 8.521243 12.533046 12.108200 5.421215 13.506815 8.778577 12.959970 8.297486 13.172823
351.174008 7.121754 11.184234 8.001834 11.289481 8.868444 7.593907 14.109318 16.646644 9.150739 13.233422
436.025202 10.503875 10.403629 7.070818 4.478617 12.649663 9.694072 15.036926 8.960913 9.501530 9.903638
454.347611 14.107148 13.163240 9.859682 3.074478 10.154829 8.897942 7.613593 10.670299 10.429842 10.400257
344.956311 13.513490 10.922013 15.444033 12.193891 4.341946 12.842864 14.591406 10.592083 7.853445 13.373921
321.483791 10.494188 7.475538 9.231110 10.012040 7.619496 5.627836 12.626113 6.537470 10.908879 13.224988
365.680857 12.266482 12.019913 14.436506 10.332769 10.279425 7.572998 12.475381 12.678159 13.720530 5.874339
416.557637 5.077886 11.142413 12.644034 9.110840 10.206964 7.938031 10.556159 15.813585 12.879165 15.814156
383.200958 12.338027 6.706797 9.318651 11.167446 7.362754 7.261091 8.902195 11.481699 8.224928 8.254860
470.308955 11.732144 7.322487 15.339479 11.922515 9.600316 4.735718 12.337626 8.047790 9.998438 9.689204
431.002197 14.393794 12.499037 12.662655 9.250781 8.193516 8.751834 12.919858 15.151333 6.925578 9.502906
351.259552 8.424082 9.361549 8.521190 9.717248 9.027624 10.796025 10.063108 9.654529 9.349430 14.586632
428.766828 14.942350 0.941570 8.633464 12.173189 4.607048 10.370361 8.322685 8.372569 9.706945 7.497425
367.345446 7.500138 9.268689 16.105347 8.799975 10.021299 10.037291 9.675187 7.431073 10.256754 13.110177
344.049041 10.785364 10.592890 11.012334 9.722373 7.819269 6.605588 11.201851 8.024018 15.804202 2.855884
409.093617 11.740004 8.914801 12.120852 8.943251 10.414426 5.541168 15.867885 10.277929 4.439350 14.562757
382.879471 13.028797 16.432132 10.201479 9.704228 10.998021 11.777683 11.451578 7.622678 10.174904 6.436419
370.563806 6.454753 12.443469 5.738258 8.478609 14.732013 3.748289 9.878678 10.790092 8.847759 10.354208
378.793817 10.289669 9.004639 11.884116 7.867239 7.084770 8.511500 8.118080 11.445290 10.207125 9.850933
346.912824 11.322763 15.258045 11.461220 7.397553 9.578283 14.006256 7.248090 13.507402 8.634115 12.149601
384.755612 13.822527 8.425127 11.585131 5.050898 8.879692 11.121879 10.269720 11.731883 12.700115 14.439287
317.146906 12.881332 6.765680 11.158857 5.048076 15.303349 3.702245 7.354368 15.112417 9.803338 9.224751
323.034741 7.046413 7.534727 14.430642 8.758897 12.147877 4.520345 5.016393 10.125522 11.502691 13.226742
359.647434 6.615297 8.779443 11.697316 6.968099 7.155985 12.040693 10.113944 14.920602 2.912244 14.213358
330.680591 13.602791 6.993865 7.628039 7.411484 10.442700 7.799936 10.371459 9.163041 12.152672 14.451894
354.415954 9.087554 9.507471 5.510776 12.613235 8.187654 8.921350 9.226641 10.186002 9.555231 12.373269
371.118439 9.603211 9.942491 15.594151 10.416873 3.706476 14.028917 14.902650 6.127714 9.107290 11.187649
358.009146 4.525015 13.681404 13.713916 14.586753 9.271018 13.158962 9.436523 8.279469 7.918853 12.033081
379.265728 6.163768 6.802721 12.929205 10.418001 13.193543 12.776476 11.651638 9.001359 9.089046 7.918767
361.809398 10.435359 10.877042 6.802253 15.516450 8.679182 5.569758 6.922158 13.399918 8.942262 12.011361
337.286518 11.063243 11.182122 12.181179 9.831154 12.241943 14.869152 6.761951 12.702785 10.531533 10.675796
311.026646 9.930051 8.856535 5.687262 8.382528 11.739100 7.402233 6.644241 10.166522 12.086923 7.653728
441.456329 5.563109 9.536503 13.181419 9.845513 10.519251 6.371311 6.956267 12.942817 9.359384 9.040510
373.213119 7.757879 16.940978 9.973856 9.719797 13.106744 10.582139 13.056490 5.682301 9.973556 5.804345
344.306109 7.682594 9.366763 9.242818 12.491897 7.471829 11.402568 8.011011 11.050818 6.989215 15.323424
327.203238 12.735465 14.299036 5.424825 10.189565 12.184433 11.588854 9.230959 11.978935 7.180577 6.729310
411.596527 1.416571 5.452010 11.369664 11.677559 9.936343 9.143296 6.598547 14.788692 9.713711 8.719859
352.734461 12.834454 13.420958 13.480810 7.794706 9.743598 14.182085 11.138355 10.997994 7.248105 15.446264
319.051373 9.091733 8.624864 8.798198 15.845098 10.099866 7.268075 9.103297 6.152676 10.120033 9.885487
384.797367 8.416055 3.430151 9.352545 10.778253 9.709576 8.959551 15.593637 8.160859 12.291491 3.776893
385.720317 14.382866 13.679655 12.045754 11.473695 11.233495 6.485948 7.874542 10.760573 6.791628 11.214702
366.668890 7.951311 10.101053 8.005257 13.368485 9.418761 4.871255 12.473191 12.455636 12.490991 8.281713
373.792377 8.342337 9.654986 8.084636 8.173098 16.090493 12.716921 11.066315 9.129215 4.959911 1.301997
345.972393 8.560768 13.712165 9.056911 15.035468 9.959018 9.940178 9.889021 7.853105 7.686104 12.653515
455.316975 9.301408 11.870201 12.996167 9.311079 8.841602 10.220889 10.873270 10.154150 11.243054 8.771621
345.126084 9.694068 10.396670 9.951650 9.698369 17.834834 16.256271 6.636037 8.559000 9.682430 12.567871
380.775351 6.697228 10.910588 10.714227 12.009722 10.862636 15.951158 11.236071 11.086212 8.147740 3.539980
320.718752 12.396085 13.984124 6.864134 5.483301 12.840831 13.717352 11.597851 10.194736 11.211892 8.708529
401.327397 11.322175 11.191011 14.873098 9.512575 12.989407 12.298123 4.888996 11.693338 6.077618 10.796466
315.695839 16.040102 4.234373 5.287493 5.620108 9.494134 10.747220 9.424535 9.000408 8.453267 11.673058
347.228160 7.944569 8.177940 16.198348 10.009634 6.156751 7.818155 12.546766 7.579937 9.577715 12.044116
397.289117 9.237969 6.569715 11.596890 7.371061 9.398473 10.955341 8.993329 4.089508 5.859224 10.601962
340.353075 15.091333 6.371555 9.493014 9.199066 8.881042 15.784514 8.035303 6.544479 11.720404 7.415655
402.641487 10.737414 8.774946 9.731995 13.309498 5.714733 7.531759 10.972269 9.233383 8.776023 9.041787
394.362628 8.744177 4.525519 16.952124 10.419881 4.072135 7.857100 14.071451 11.759221 12.691317 8.093283
380.192945 9.180413 13.098555 13.427323 9.514705 8.124645 12.047924 6.270029 10.637385 14.429419 8.076033
316.574902 12.013272 11.642525 11.847082 8.466732 11.083213 6.482780 4.754907 8.856304 16.799484 3.307449
377.422139 10.411666 14.504680 11.479953 7.089915 6.410858 12.679023 9.951394 9.834478 8.167029 9.622880
380.333761 6.268166 12.296948 12.800656 10.089717 15.931404 13.042564 13.133875 12.806528 11.008146 11.037768
411.692078 9.104227 12.959805 11.272795 14.684012 9.384013 10.609045 10.982845 7.840698 10.801423 9.954501
401.340829 11.298834 11.598569 12.446274 10.387723 9.563668 6.377964 12.339780 9.704412 12.662507 11.953016
353.189283 11.275052 3.967551 6.416947 4.648702 14.121580 8.686379 13.131051 11.999199 13.894844 15.700196
421.817517 2.750912 11.085311 4.975622 8.755987 13.120190 13.601207 9.843178 8.415996 10.486712 9.307519
344.888147 5.253583 9.634937 11.504753 6.608348 11.917778 13.067047 8.070818 11.646582 13.586550 11.503177
342.614579 8.270266 8.670069 13.079775 11.924909 15.149531 1.848874 7.679062 11.797758 6.775195 11.370271
327.387649 7.335007 6.513291 7.409946 7.939257 13.724411 8.628513 13.416401 8.771453 11.195773 8.094996
384.515094 7.191223 8.940012 3.735519 8.346608 4.380966 7.481607 12.625000 7.835507 9.742202 6.817455
408.248223 6.759131 10.798480 11.964840 11.551107 17.228200 10.222393 10.933751 11.789540 8.040742 11.635840
312.624511 12.438932 7.208272 6.643472 15.132771 11.580493 16.674994 3.800541 11.329378 13.819608 6.706208
375.411316 11.355220 10.075506 8.378332 11.210371 10.665205 10.705849 8.085395 10.324730 14.764405 8.853932
403.416281 7.971468 2.630007 11.398312 11.341252 4.289095 9.992563 10.382873 9.588573 7.465440 4.662372
345.830191 9.412136 13.024411 10.483919 13.671959 7.310941 7.318327 10.953173 10.558309 16.606815 11.316485
336.234236 8.070682 13.836003 12.521410 7.379078 9.099573 7.352301 10.613916 8.141241 7.569436 9.185770
444.527069 13.934275 7.289641 12.545266 10.837134 11.033383 10.409411 11.996057 10.337653 10.422539 9.697740
453.337612 12.426572 6.667408 8.604066 12.522126 4.867311 7.814579 5.015447 7.446067 10.572120 10.542305
346.412715 8.139639 10.609225 8.392142 7.130634 10.736138 14.627402 6.777778 8.747416 9.120298 9.705368
395.020931 5.972775 8.288212 12.327728 10.430422 11.383370 7.044136 9.542482 11.769505 11.459106 12.187104
358.479864 7.277283 13.899228 7.929097 11.052936 7.835215 10.383084 7.363917 8.942203 10.301500 11.838735
373.722773 9.266837 6.193119 11.237874 11.540696 12.886155 13.971498 13.266630 9.903055 8.837737 10.617684
379.541182 8.025362 4.886571 4.977791 4.976858 14.497891 6.960295 5.261931 16.804967 10.422770 10.576236
324.519620 12.488642 11.620137 14.424241 12.990844 4.966946 13.629273 6.590488 11.737608 3.734970 13.236396
340.495778 6.434888 12.256021 8.770888 5.781456 3.111657 8.747715 9.787415 11.410158 7.245977 14.871930
402.805718 7.187535 12.029180 15.391427 13.503697 4.709683 8.123889 13.720873 7.101935 5.776715 9.536005
346.123333 12.892210 12.541715 13.279342 9.387925 7.269652 9.373202 7.985037 10.125242 11.267100 14.051709
337.203232 15.646240 11.203170 12.570227 10.512202 15.669619 5.727174 7.505012 11.482200 9.316770 16.173790
381.148913 10.919977 5.380318 7.330937 7.204518 7.685945 12.087833 12.846691 6.583395 13.391789 6.834472
362.446296 13.945806 13.045681 7.086335 4.957979 7.524683 7.812535 7.111589 4.548776 5.893735 7.821858
337.975535 8.595735 13.641893 13.012617 7.694219 12.005917 13.897776 9.079482 9.965622 10.649098 9.876576
380.570505 11.083350 14.718603 7.514057 13.114150 16.518718 8.813117 12.743885 11.348109 11.529923 7.762889
408.598650 15.492297 8.436706 8.376661 7.641388 6.337954 12.245230 9.389434 13.069713 6.852328 7.419992
364.954738 12.497190 8.691326 8.783932 12.847736 7.984675 9.796879 7.878918 10.821596 15.425475 9.961646
338.106999 9.859536 11.786336 12.721676 8.323037 12.965104 6.728958 9.289887 9.508735 11.942436 11.022635
349.537559 11.399668 6.048922 10.200668 8.824936 10.108433 11.978658 8.491556 8.676165 2.661546 15.883226
349.349206 7.142888 14.286711 11.028103 10.725955 9.469827 4.514078 12.245531 7.642140 8.257212 12.418162
321.245326 7.362498 11.918772 12.253921 14.281899 5.110585 9.671347 11.554044 11.614051 8.453683 8.035446
360.881910 14.553124 9.393574 8.141292 6.250997 6.411978 7.741053 13.482620 8.935084 8.769804 9.687237
317.516997 8.281164 11.865154 9.727718 7.658699 14.016187 7.116220 8.976416 14.170531 12.115106 11.255206
323.981155 7.857026 16.041258 8.565062 7.826513 12.229216 9.827937 8.548734 8.375602 9.616846 8.137217
436.038522 5.062643 14.042733 10.034449 12.154705 6.307107 10.182324 12.105905 12.257703 10.140936 7.657940
412.803080 5.385664 8.890210 10.358196 7.750384 6.774443 10.060383 11.684011 7.509057 8.719748 8.167566
339.249171 13.908847 8.903784 6.559197 3.427081 12.596459 10.193836 8.884777 9.127636 5.186717 17.072398
379.122313 10.187480 6.137975 7.408724 6.543947 6.582827 13.180102 9.421264 9.815431 5.694722 5.105045
313.611963 14.480842 12.351511 8.175587 15.376183 9.026723 12.915908 5.019910 11.687632 12.355773 12.234015
314.501199 8.508767 8.469132 11.289975 3.682950 13.764310 10.177623 10.093031 11.774335 8.968911 12.963743
402.146978 12.185643 11.081694 10.580480 6.818616 9.548619 12.450062 6.800218 17.342950 18.230789 18.026475
456.987654 5.534331 12.589176 5.975875 14.246550 10.429019 9.487762 9.985776 5.879225 17.232584 8.845181
364.118897 11.993846 8.353738 12.989932 10.082422 12.418841 8.186629 4.485206 16.029696 11.948382 14.291869
414.656319 9.591820 10.355766 13.147057 10.056509 11.393512 8.339589 4.832707 10.308104 9.810496 11.081170
330.833670 9.468693 19.016238 10.509454 9.746070 11.370784 7.172464 11.441570 8.285334 5.653541 9.193312
385.837008 10.495900 4.321457 8.445763 8.000316 8.580151 6.962494 10.079774 8.988181 13.707867 8.044859
323.305861 6.523565 9.265683 9.914784 5.384913 10.697755 6.539653 11.097709 13.763354 12.379259 7.078931
321.198543 12.046508 16.866835 8.656760 11.167069 10.730345 11.758501 8.696366 10.728224 15.846613 15.946323
333.870040 4.441368 6.474213 5.105149 9.559999 14.685422 15.081786 9.143760 12.361029 10.515320 7.280613
422.266323 15.147089 8.280684 10.047352 11.477254 9.671752 11.236595 8.913938 10.794369 5.720660 16.842789
345.309577 8.356751 5.744156 11.028547 12.353200 8.977057 7.056944 11.320446 9.094791 5.110143 9.743932
343.058074 6.316956 7.523964 6.236676 11.471324 10.606562 8.755780 8.978933 11.223623 6.640189 9.719011
340.503045 7.465375 10.897530 10.299540 8.774675 8.792354 7.379442 14.942519 10.734904 6.633364 6.765324
336.569388 3.615693 9.785841 14.411021 9.343032 10.227103 9.189138 8.380947 14.048991 8.513286 15.413537
372.621688 4.021250 6.792453 4.762302 12.337757 13.052927 8.753013 10.137160 13.835966 8.606560 14.254103
381.628580 12.040670 20.115839 11.504043 8.504867 14.905050 8.549932 10.204567 13.104095 12.305991 12.394254
445.759504 9.250462 12.724211 11.054279 12.115595 13.108907 10.576195 9.720916 10.039954 6.688517 7.407700
348.830588 13.594705 12.719616 11.795949 13.266870 10.956961 14.454400 11.499939 7.772557 11.075411 7.987096
404.517837 6.691829 7.311285 9.182010 14.006622 12.906409 10.197342 5.782496 9.147444 12.526939 11.715876
347.152152 7.151059 13.616657 12.934277 6.753217 6.580244 8.424691 9.613524 10.700086 12.670156 9.976510
352.540197 11.603510 13.888524 10.985543 6.121221 7.548348 8.847064 12.193111 8.306400 11.254530 11.294004
345.144850 8.030338 16.806593 6.962344 13.243763 10.284505 14.953001 12.373519 10.204381 10.999950 10.480792
378.727857 9.934630 12.522741 7.162371 8.944112 8.284151 16.621566 6.871290 8.203600 8.945200 11.397066
349.937464 9.115450 11.240736 10.105688 7.583101 15.276004 7.845700 9.431075 11.286625 14.678240 14.937391
379.586581 10.999963 9.238111 10.607220 11.679043 6.430262 9.925473 7.090902 11.756470 12.492155 10.206292
344.777340 9.534705 9.008737 17.835452 10.543045 7.740558 11.017626 9.459968 6.080429 14.872799 7.680791
391.461475 8.194548 8.475082 9.670098 13.873478 4.396106 7.282908 13.813388 8.131633 5.815193 9.904535
351.417141 10.698291 4.703905 9.583980 17.639292 9.108163 14.874557 6.964440 11.949500 9.197453 13.019651
390.453367 10.760630 7.914971 8.654979 8.778734 3.535465 11.418921 13.737530 11.793641 14.753664 6.750432
370.206865 6.833544 10.301288 5.503486 10.273219 7.952709 5.662349 10.812533 8.359932 11.513139 8.326807
450.590287 11.960191 10.216609 4.390317 9.651465 12.595262 8.362203 9.654460 13.040836 8.232536 12.163319
343.629039 12.852352 14.084915 10.310362 9.756646 10.503175 7.498652 6.265846 9.624692 8.383810 7.865049
345.708212 12.585012 14.118444 10.867872 5.619168 9.628751 9.814119 3.633051 12.888843 13.281064 8.679629
421.660760 10.989566 14.545728 11.252296 6.006413 12.358740 13.862808 9.279422 10.253685 11.327143 9.869205
337.316425 6.396034 10.974957 4.766303 10.049719 12.367805 12.865695 8.043588 11.546446 8.591364 11.853591
389.563974 9.625002 7.203040 7.350844 9.231178 16.196738 12.820506 10.621037 12.773726 2.835462 9.608580
356.426748 11.121900 7.230098 12.527511 8.732950 8.773893 4.625149 7.388818 9.492485 10.596248 14.457392
376.298246 8.931352 8.596661 8.268025 13.811454 8.935627 16.896738 10.417252 9.775138 10.724997 9.929813
381.333710 9.026827 9.149289 14.969910 6.609609 7.141140 8.853108 10.624544 16.552342 5.568840 11.241621
347.015821 10.927663 10.316005 7.669724 11.207351 7.400588 6.252594 13.306955 14.204036 11.096654 9.119372
338.651754 9.797499 10.469278 12.050673 10.002488 14.883201 9.693654 12.217301 5.232090 3.041812 5.643877
347.723304 7.559891 7.734501 7.710501 11.501905 7.128734 14.077134 9.248189 5.545788 9.212099 13.425850
370.705274 8.496562 10.925251 8.384572 10.964831 7.066306 12.393230 11.898370 13.217092 4.910640 6.909858
340.410949 11.977335 6.463061 10.805259 11.206390 7.852756 10.537465 5.708613 12.770573 12.841004 10.296115
310.811738 13.012204 10.499205 8.904115 11.616362 6.587344 7.630909 15.325889 7.977114 14.159021 7.996786
340.248293 12.974679 7.282581 13.088980 12.031167 8.597005 6.818866 12.708358 11.158242 11.969590 7.156328
389.031811 11.481246 5.538117 10.806530 9.140447 10.822890 9.652479 11.818816 12.657909 14.009746 12.693759
310.988484 15.972422 8.443475 16.719599 6.890468 6.879266 8.733894 8.983287 12.175261 8.600402 7.066911
403.682251 11.875082 6.520353 11.096914 8.151666 6.717341 5.769156 9.954843 9.857235 11.413453 12.836295
457.636197 13.957502 8.443818 5.528669 8.864058 7.344382 8.670357 9.517612 5.287427 7.350965 13.014390
402.664856 10.532894 9.088854 8.570268 11.424697 7.899443 7.118460 7.804822 5.049913 12.420573 5.199551
444.023495 8.629351 13.634216 12.714052 7.277783 10.102613 15.352527 4.656801 10.572446 9.218154 1.711937
377.758194 11.298764 10.523388 9.165180 8.439257 8.990840 11.160336 7.797210 5.282034 7.848763 3.547024
416.216167 12.558839 12.393522 10.218158 15.283109 12.592225 13.261393 3.524930 7.503690 12.006817 15.140227
391.878572 11.019841 9.441341 10.114263 10.098378 11.064632 10.598211 10.629824 8.875027 9.390565 9.509601
347.188137 9.614851 10.696685 9.009449 10.148529 10.632137 11.381161 10.054584 13.568539 5.627070 14.255012
322.265623 9.890433 14.141159 10.489976 8.554000 6.673124 8.827191 8.945952 7.384697 16.404559 13.322496
382.428958 9.953855 8.928813 16.236980 10.515667 2.442677 9.300235 9.974442 6.883362 11.619590 13.627255
391.439905 14.939575 8.140343 6.662392 10.564158 10.131877 7.295123 6.513276 11.977064 11.228145 10.187598
351.722430 7.972335 8.996276 7.970908 12.998561 5.819476 11.151012 11.442894 12.320913 11.393246 11.445482
339.749270 11.467812 7.971383 7.048761 9.258909 5.456037 9.836581 8.168085 7.039251 16.302535 9.643324
393.563390 11.778854 8.764275 9.028095 13.349017 13.401145 13.817777 8.056266 8.213956 9.571544 12.702967
375.817577 13.605726 14.977445 9.391203 8.020170 7.773989 10.536002 6.276587 19.459009 7.364699 13.404149
367.936861 8.277727 8.520339 9.754885 7.946593 10.609349 6.471323 11.638448 13.006936 14.617249 14.761185
338.015005 10.748977 14.929605 12.561979 8.972357 11.580742 10.663073 8.571467 10.102887 7.448031 9.273017
365.598562 9.738681 13.396270 13.177339 13.831344 7.292208 10.304289 9.232579 9.866000 7.101082 15.124063
319.370044 11.263906 13.938348 11.640708 12.477016 11.163718 9.505694 9.848345 7.177505 11.862263 7.812903
360.955015 10.553642 7.898966 15.966569 16.062003 6.199898 10.720068 5.821543 14.019382 12.241068 6.380379
383.651593 9.697456 12.128017 8.051347 12.214641 9.404477 9.486633 10.679629 10.332575 9.516874 13.479755
378.202833 5.157349 10.949813 3.458816 15.539557 10.847955 12.744438 8.858514 10.187907 8.401741 7.223240
345.698369 11.000812 5.623424 10.841423 2.878489 10.851285 15.746061 4.510748 8.118353 10.540959 9.255176
373.644460 8.073554 9.723117 11.776390 11.105612 7.966607 10.961593 13.958687 10.478184 11.061529 8.315378
414.584779 7.342474 9.290542 6.648930 11.540473 7.630322 14.191600 11.713080 9.225908 12.518966 8.243211
361.402151 11.150137 12.612838 7.791685 9.824049 10.898606 9.419060 9.733420 5.035543 10.026825 10.771705
311.095793 10.325211 10.888058 9.940218 9.503136 10.508224 7.018209 7.297301 11.274647 4.497138 8.264766
393.058225 11.063099 10.328662 4.592099 10.086267 9.239255 7.721289 9.996188 12.817095 8.641833 8.508103
418.243048 8.334570 7.073469 11.392612 9.288644 12.391912 10.163822 12.090948 6.838642 7.451064 10.005835
382.995625 10.285544 7.944853 14.977024 13.251541 5.871065 18.122568 10.904761 11.143280 11.982999 9.312845
386.118896 7.018796 10.109887 8.457214 8.118066 15.891377 10.229781 15.100851 4.830983 11.009619 3.309714
332.140354 9.011425 14.519695 9.085778 12.861889 6.506097 7.651000 9.696236 7.476838 7.010887 7.610149
314.332655 10.751484 14.464089 10.717055 16.497405 12.494491 5.018554 6.212258 16.063604 13.105413 14.593482
338.863988 11.704613 8.747331 9.123807 6.661958 6.866361 9.470455 4.949426 13.187067 6.106636 10.040645
325.148725 6.865059 6.720682 13.180175 7.062375 7.884721 12.006190 10.387427 5.267969 13.565170 11.972107
346.288093 8.712701 10.500108 14.764568 13.189739 9.302943 6.041860 12.656860 11.034145 10.138781 17.987497
393.787197 6.157185 1.132551 6.117229 9.659142 10.311161 7.942148 13.323058 14.853499 11.071861 7.158340
349.371008 7.681606 12.421050 9.687558 6.425484 11.118539 7.065586 8.978933 12.492004 10.130736 6.711471
387.447844 8.877591 9.784533 4.971262 8.617718 11.271834 11.581612 7.857232 9.485946 11.649471 9.883171
456.227223 10.052950 15.867621 8.888362 9.681905 7.188775 14.100077 12.381667 10.442539 11.256331 7.876968
399.626161 12.020634 11.063101 13.852196 9.701340 9.047723 8.316766 8.244005 11.678394 7.573672 6.724268
427.850320 10.893207 9.174937 13.713592 7.175340 14.974588 11.523501 9.614156 9.976632 9.212237 6.332629
369.703790 9.819724 7.899545 12.063217 10.927824 13.961247 13.489160 8.165456 11.558442 8.426083 10.523830
362.503615 9.925712 12.084446 9.733143 7.434442 11.693416 10.673586 14.262479 9.713852 8.435113 10.634998
317.686183 7.265766 15.491103 12.054553 11.271027 14.296686 10.020172 12.012471 10.348819 11.449235 8.905851
371.542912 8.450944 7.821742 7.253472 12.647674 9.827569 13.728558 11.527453 4.055633 10.650573 13.832792
387.111696 6.414758 12.184402 7.181835 5.325224 13.048378 8.653173 3.281333 14.334815 8.222942 8.770718
348.825307 11.974622 5.717192 6.611546 12.195274 5.770422 7.057632 5.440578 12.082552 8.897013 8.100866
382.431133 6.733050 5.211484 13.412763 10.350638 10.159649 5.455382 7.742820 12.339983 11.293744 9.502064
480.062540 7.111410 8.523774 7.288187 14.144262 8.557653 7.280575 5.938686 9.379041 18.651469 13.414502
356.707361 10.117713 8.563295 8.758425 8.644103 10.249105 11.100407 6.707425 9.168527 10.901973 9.022355
399.514061 16.326227 13.612802 7.287675 12.808980 7.269450 10.464601 11.866072 5.844200 8.466960 13.474003
367.555580 7.992222 5.904618 12.461319 7.540210 13.627547 12.225990 10.994790 10.348279 11.360977 5.720234
390.017215 15.461369 8.645914 11.897013 4.552472 10.796157 10.582564 14.915433 7.544588 4.646390 7.334478
373.210034 12.164671 11.787324 12.189339 8.092458 9.962464 6.911213 6.334353 8.121573 13.175629 11.455876
347.323983 10.755069 10.355174 10.552459 14.990390 11.384569 11.561449 9.600705 11.121819 12.513514 5.717375
404.585804 8.705722 4.668111 10.913837 11.252717 9.706986 8.751747 13.984912 9.752634 4.592320 11.114181
351.236503 14.525042 7.535751 8.976249 5.970571 11.821678 6.785723 8.461345 7.373497 13.155587 10.543014
392.596888 14.705611 11.263137 9.036041 6.161778 9.150235 7.286833 6.333694 13.679322 6.843606 7.965202
350.933347 8.666346 11.932608 10.798011 11.756772 13.592008 8.077617 12.464497 12.838268 7.794564 11.837180
348.518490 7.775564 1.368308 10.919705 7.510582 12.979268 4.970610 8.455195 10.476583 10.638952 11.287121
433.412697 10.543192 3.117798 9.241752 8.273293 8.972810 8.559212 11.596798 10.371440 7.413430 7.812254
373.841668 8.872066 9.490473 9.800402 9.598551 9.261747 10.977500 11.272469 8.317996 5.038974 7.699773
343.972753 10.359815 6.945883 10.850703 6.684929 6.977666 11.032407 8.740898 11.283007 9.990691 12.326338
399.675341 13.413588 9.708562 10.345281 14.806605 7.614430 13.678257 9.799722 6.021298 11.639154 8.824479
352.516334 11.905693 7.059270 10.892632 8.627547 11.918010 12.881795 8.861363 4.974643 11.332409 8.567905
364.983363 11.895280 12.562235 5.450007 7.382953 12.994791 6.286335 8.829920 11.082816 8.059870 13.178268
409.818509 11.514190 2.981945 6.099700 11.477444 5.734703 16.659064 17.814305 14.492756 7.301682 5.456239
357.704878 13.037713 11.834484 8.723979 8.285354 9.927924 7.280924 11.283177 8.851509 10.423168 10.433009
376.862394 5.481416 6.866391 11.114759 10.389862 10.553054 11.227162 14.420104 6.235561 12.351194 9.226356
336.566701 8.399276 6.156450 9.504831 6.832908 7.727891 5.864371 8.520237 6.228010 7.974199 7.498628
331.259861 15.842428 11.564238 13.894945 14.149768 12.335049 5.646403 11.757650 10.433557 11.123314 4.432142
350.330634 8.553939 4.203001 7.306642 7.278212 5.715196 7.925646 8.514553 19.816528 13.217581 11.443907
351.471726 12.164278 14.904622 14.263148 13.183430 7.209763 11.418926 12.437888 12.037180 9.240843 6.551545
368.671682 10.051935 6.460457 9.547928 9.458071 7.263310 6.669782 13.825198 10.393824 14.071915 8.509650
350.004025 6.556519 6.192240 9.382078 10.992045 10.282689 6.356377 7.796088 15.005387 9.159810 10.599759
317.625799 8.009191 7.983800 10.045134 7.469497 7.525219 9.645425 8.860320 3.347649 9.627309 8.633385
313.986242 9.520752 10.469175 7.976068 8.020997 9.592608 9.914510 11.739993 8.830788 9.529448 6.040657
383.627959 8.952668 6.295373 14.651940 9.377492 6.143082 9.547388 9.890068 16.835288 14.217325 10.052427
393.594559 7.787226 11.461214 10.835932 10.764331 7.861933 6.578356 11.477284 9.138092 3.564206 9.884534
372.014585 10.308072 12.515972 11.792802 13.481593 6.205963 4.979498 17.498942 7.014029 7.603592 10.453808
340.802927 13.435308 7.474518 7.314595 5.497214 8.546346 9.307578 11.871159 9.435958 13.870378 9.292656
403.221877 13.204383 7.916607 5.331524 15.170103 8.550865 9.954116 14.687662 9.597506 7.472605 13.322022
357.808230 11.308343 12.982137 7.876570 15.014328 8.762992 10.871173 11.181592 14.130331 10.045805 11.538236
395.554045 7.945858 15.409515 11.132779 11.528784 10.150415 8.568233 11.020197 10.785116 8.535454 2.052915
311.558828 15.710704 6.816555 10.424678 6.037928 8.079043 11.162665 12.440015 12.558439 13.221007 5.951664
430.433885 13.748795 15.827492 5.363976 12.147878 7.905464 11.657897 7.594327 10.159882 14.016044 11.454509
346.131291 5.640837 12.756835 8.542698 8.513402 9.519143 9.621035 9.317914 11.229910 9.395187 9.948914
421.074835 9.395966 7.734239 17.152877 8.014667 14.220194 7.381475 16.565669 12.380495 11.787303 6.244050
352.545261 6.442971 13.964983 9.536002 6.585036 12.167716 9.805493 10.400022 11.253465 7.528230 11.301302
349.611600 14.138249 13.133461 5.225467 12.734850 8.332661 12.525445 13.098305 11.705176 8.651111 11.968063
382.875889 14.425930 10.815021 6.579588 9.824650 9.893159 11.864320 10.492120 13.324238 8.614758 8.377735
323.661385 8.807435 3.297179 7.656535 9.796762 11.095189 9.906054 10.370777 6.373159 9.651328 3.714285
385.291214 5.553317 7.591433 9.680062 7.106593 14.435039 10.702486 10.388469 9.329713 8.006650 10.431203
328.470557 7.354701 7.010379 5.575511 12.248601 11.177511 12.820140 11.215678 6.647712 13.618081 9.896797
366.163527 6.078279 3.923655 10.375763 5.837535 12.514626 9.786591 11.369340 3.072689 8.007455 16.856666
403.817303 10.114672 11.201560 8.935056 11.766919 7.713252 8.026597 10.711676 11.745050 16.835936 10.880332
371.517715 12.862988 15.903064 12.400456 14.185264 14.711286 11.986016 11.480288 14.093948 11.009849 10.665002
452.343192 11.712034 9.836655 12.736932 8.572640 13.033816 7.249978 10.370345 10.496849 10.566247 9.777126
366.181786 11.326888 8.642746 14.040790 13.604867 11.919930 14.498807 9.683207 14.286034 11.882810 8.005814
396.887583 8.261136 8.527092 11.227325 5.466837 7.088765 8.604374 12.838258 10.683096 13.846391 7.662937
320.348570 8.351018 16.628440 9.845894 8.505268 12.398946 7.305569 8.991126 3.610480 4.306153 8.319478
367.431954 10.560018 14.386223 9.119665 0.401552 11.811064 11.345521 13.574209 11.717203 6.756923 6.113265
348.738133 8.281586 5.583921 7.289028 10.669567 11.961959 9.465536 10.619938 5.964674 11.340618 10.496606
318.211629 13.863331 14.461560 8.016234 11.164428 9.353427 8.390787 7.890502 12.056059 9.333849 8.719271
374.902981 15.590618 10.228119 9.596210 9.112527 11.144787 8.501269 9.375492 9.452422 10.660560 14.871714
346.906409 10.445966 10.888163 9.274467 15.239646 11.850984 4.290797 11.042643 7.609331 14.769062 11.300136
371.220257 6.705376 7.730150 10.495845 9.335395 8.419117 5.365828 8.832220 17.041647 10.974738 9.746281
324.022212 8.818249 7.821675 9.024417 5.204342 6.234918 10.662440 9.709309 7.639265 13.183249 11.443525
421.822932 9.918889 9.862838 2.578526 11.632103 12.107590 10.136743 9.749674 12.002998 18.460300 13.845278
350.896809 8.859809 8.612006 10.679930 1.953469 11.794664 8.485393 6.719410 13.201779 10.305463 5.596542
361.608170 7.329209 1.951496 12.369740 11.031632 6.228413 11.004707 7.522283 8.181829 16.646165 2.470786
370.959988 6.523317 11.784572 12.249143 8.531397 9.922256 8.577237 11.238137 8.740796 12.423325 9.530690
370.404119 6.482685 5.651091 11.089763 4.673004 14.749274 6.878835 9.756555 8.319577 10.659846 9.928182
413.721263 9.212129 9.718760 7.586111 10.010911 5.568056 6.276182 15.521750 14.968364 11.910943 8.505495
328.535755 8.356163 6.763965 14.819879 13.265659 11.428008 11.678004 12.163751 5.252084 5.749149 5.307069
525.774860 11.377553 6.280319 5.616337 9.729511 9.280822 10.276876 6.738122 13.038193 5.166365 13.419652
418.800452 9.530560 14.228787 12.145551 8.536746 4.464958 17.008077 3.253405 13.212866 11.416046 5.716840
394.450728 7.850400 9.497367 11.837199 11.775590 5.611020 9.053692 9.875127 9.691197 10.865545 8.414441
475.292132 12.953277 10.280834 7.146245 15.778092 11.371325 4.405939 1.735101 9.752604 5.574014 14.687402
378.255584 9.666969 4.404680 10.738071 14.186036 9.349979 8.347491 3.626860 7.690998 14.000507 14.634025
388.870206 14.870292 9.457810 13.095634 10.284094 12.976157 10.187456 8.634977 17.203413 8.020575 10.720063
423.632726 8.426140 11.453057 13.957764 10.445152 11.318606 12.401336 11.364302 13.150817 13.168468 10.229089
463.156643 5.593670 7.620340 8.099483 10.176428 7.783209 6.964284 2.684794 10.213862 15.178173 4.236934
365.975990 8.679282 6.371298 10.469860 7.565601 11.437872 12.326928 8.669574 7.375160 8.095386 18.741799
464.422647 10.499624 7.411154 10.667798 15.189657 9.136247 12.406548 9.253207 12.070508 10.559165 7.609041
407.948412 11.253930 8.426034 12.251819 12.030895 12.068221 8.772985 12.534696 10.248533 14.967372 8.113512
344.773504 9.164063 11.894682 7.609491 8.531613 10.816037 8.619174 10.450503 14.745908 8.047811 10.274271
414.551315 12.189963 7.944771 6.399117 6.175061 4.547391 11.646962 10.987079 7.992407 6.058435 14.350474
394.807532 12.353822 9.669673 11.871315 7.347149 7.803206 9.981789 14.556246 13.395849 12.294021 8.018647
355.698522 11.526360 10.116522 10.048650 12.131558 7.479799 10.844194 8.790991 5.647938 11.921517 11.511235
378.313784 9.617426 10.637254 5.344313 7.540914 11.548816 6.149536 9.264439 10.110574 9.891020 7.263478
440.256858 4.431118 10.191961 12.604944 5.333186 11.291846 14.784731 11.968392 5.793477 9.607209 12.573238
411.433246 7.687685 8.280536 12.689788 17.427407 5.918430 5.748085 10.156811 9.747911 6.436085 8.532895
386.440892 8.028544 11.032403 15.349793 12.015793 11.702715 9.781791 5.011626 9.246183 11.838647 10.597517
369.173442 12.886908 9.194346 11.425199 13.910495 6.194263 6.465387 13.195776 12.877128 7.004610 11.316620
338.514071 8.991689 11.018117 13.126402 7.084953 13.502948 10.611285 5.661805 9.163555 13.858669 6.145632
414.629521 9.398211 15.175249 8.838181 15.238631 12.610978 13.363653 8.231456 4.228732 9.158953 10.836234
461.724631 6.714681 9.809110 7.526042 10.851221 12.660279 11.388748 11.987877 8.570767 10.944576 7.777175
369.537738 8.239355 12.193127 7.610907 12.484342 16.032352 9.998685 8.964799 14.807962 7.812647 11.822304
331.876127 8.670900 7.622901 11.822957 3.300039 11.920327 10.480407 8.889200 10.560579 9.509528 8.992069
366.462228 12.370699 5.318493 12.177380 12.279902 12.854885 7.062326 11.942538 4.075729 8.056886 13.264082
356.861854 10.816770 12.089265 6.125118 10.036824 11.223508 10.558418 8.619656 7.233437 2.641569 8.207953
372.998091 11.720201 12.221180 10.755641 7.129568 9.534274 9.189857 11.526155 8.771896 2.668159 9.651394
325.061792 9.380389 6.388513 10.002552 10.559178 10.834613 9.735993 6.594366 2.882243 12.871143 4.429871
390.818062 6.555289 3.832956 7.620226 10.435081 10.728566 8.408552 8.921098 6.638960 9.053149 12.968819
393.652932 9.283132 7.648828 12.011666 18.290514 16.559394 12.062781 13.421925 10.540511 12.098764 15.621684
354.670260 10.560951 9.029791 7.800342 14.219887 3.679260 4.713591 8.044029 8.332285 12.641125 7.294101
389.128081 13.120115 9.800716 9.743907 14.647059 12.032291 7.360703 5.180142 2.939466 10.846444 9.794378
351.169036 10.114406 8.882473 11.139833 12.907064 5.856189 8.741951 8.701406 5.110535 6.314663 11.439824
347.660115 13.150623 9.001216 3.754350 8.614667 10.424629 14.719671 7.211510 13.168325 11.124251 9.607058
426.491344 5.855671 7.943649 11.106803 13.206346 9.540661 6.980294 14.150528 11.321242 7.694030 8.906322
330.852048 8.579876 10.697221 12.539477 11.170577 13.434793 8.159483 13.843627 11.280599 9.656485 10.386159
311.233499 9.718426 5.281974 5.954992 15.762303 11.743392 10.375838 9.959002 10.226273 7.324846 14.170887
433.946325 14.738144 6.987401 8.051793 10.664915 11.555822 4.324181 6.699772 7.197399 14.363605 12.054514
331.740922 13.746237 14.737537 5.334872 7.157018 7.923431 16.012820 10.222239 8.374777 10.073441 8.562115
370.699428 12.269844 7.032773 11.016976 11.619814 10.401049 8.605799 12.448358 13.061557 6.388122 9.144701
374.920627 10.515532 6.699065 6.707336 11.578737 11.902634 6.285172 15.926905 7.618691 13.347908 8.939075
433.344187 12.213380 9.431076 8.203606 8.632351 15.644509 8.558027 11.957175 4.712156 9.122871 12.656666
323.721124 9.458566 7.819538 6.127046 9.718317 10.951964 3.355251 11.844751 8.082373 9.210428 8.923289
418.410030 13.002505 14.442405 13.295986 8.544563 7.766479 13.020310 11.033116 10.870758 10.073320 15.446616
399.963073 9.492320 11.302964 14.714022 12.572695 11.928844 7.915324 14.476789 9.929767 12.504567 12.721247
344.291367 14.880315 11.880045 9.599692 8.840968 3.970261 10.925116 13.700675 10.316215 6.604926 9.610007
439.077565 10.288815 11.523705 7.445175 7.799406 9.013433 12.039635 9.154687 14.486764 11.931589 11.346133
410.937061 12.043949 4.526679 8.276051 14.057535 8.360671 9.759703 10.421208 11.569575 13.551097 12.732693
311.455994 6.856156 7.742122 19.354211 3.099111 9.173448 9.480521 11.738768 8.608608 6.392217 13.611328
336.067884 10.615977 11.653239 7.217530 15.610452 9.957778 8.361563 5.097271 9.906428 10.025985 8.410547
345.090428 14.416680 6.886486 2.263866 6.857338 13.696346 10.908156 9.002423 8.042162 8.230366 13.241228
379.369681 9.632433 14.641528 14.087857 6.754448 11.818522 17.804424 10.172766 7.278912 7.333275 7.701058
384.035269 15.448310 11.289906 11.286833 9.455394 8.293131 7.916566 12.008921 7.715312 8.707490 7.954173
377.633062 9.502106 21.156462 13.393401 10.762052 8.247209 7.782915 9.444000 8.053902 20.432937 10.777190
324.284406 10.442041 7.423573 8.783997 11.091219 13.050956 11.116453 8.307541 7.473816 9.601527 9.087165
447.756490 17.595818 10.298527 5.136327 15.258408 10.169857 12.538986 6.443091 3.549079 10.371565 6.654494
397.127596 14.846833 4.542942 11.896524 12.367493 10.566025 11.276124 9.136053 7.688233 13.571370 14.038547
423.444896 10.953868 9.703082 9.669791 8.108530 7.744881 16.339190 10.323149 10.359243 11.625420 8.621429
328.604615 7.624848 10.818840 14.459568 9.074685 6.162165 12.159268 14.869273 9.234780 10.881191 8.477537
361.987295 9.009857 11.363162 8.086361 1.313020 11.387419 6.217785 8.629215 16.784784 11.537260 12.122642
331.789123 11.732518 6.675628 15.381828 9.342901 12.174950 12.467439 12.196630 12.925157 10.678126 11.147722
371.990765 14.196306 15.093335 4.963335 6.280131 9.185630 11.746273 10.278486 8.748749 12.187163 14.194675
424.033715 1.372205 5.375929 9.843722 12.377585 11.594759 9.804527 9.104346 10.345661 9.791712 5.346623
325.537308 9.432829 6.727384 14.279448 9.022471 9.936972 6.264021 9.685584 11.473335 6.589794 6.111335
315.957746 11.764393 13.343059 11.775279 12.614917 12.749430 10.429227 7.926628 10.997562 12.848444 5.412773
343.275025 12.965834 10.789240 8.575928 11.837228 12.149801 13.939764 11.291425 9.337943 11.748550 14.176696
438.238059 18.728462 12.477122 9.985153 7.686028 10.356523 10.628549 15.482206 15.875887 6.605921 13.432937
355.271002 7.153882 13.565815 8.040201 9.566378 14.395585 6.274560 5.913032 9.252193 9.118817 14.024431
326.375828 7.899541 9.757862 4.423785 3.407145 9.546998 9.823526 10.088706 7.765857 7.103863 8.054801
353.502900 12.099239 17.657826 11.182616 8.136544 7.636238 11.219046 9.553096 10.808165 13.133223 3.532417
368.313938 10.732100 11.249813 8.908887 13.345327 9.036295 7.252835 5.227377 10.810340 12.788470 4.424567
332.316011 14.725820 5.940238 11.778267 15.271829 14.229908 9.795253 5.853863 10.592848 12.755027 6.738715
383.474111 10.451178 10.015888 9.816423 10.981175 11.519346 12.154707 11.624821 10.108472 1.420586 11.998243
417.455625 15.261550 8.162604 13.815608 12.579697 7.217680 6.688134 9.914726 12.227639 11.764018 9.019970
385.204407 10.630244 12.365442 6.073308 4.186961 9.495324 10.960929 9.089634 10.623471 9.161588 11.578172
314.490718 6.684204 9.318904 10.357090 9.723173 10.045636 11.268675 9.498806 11.580737 12.224037 9.162200
381.885224 6.700564 10.604796 13.340485 9.805294 8.446525 9.529238 8.500040 6.148703 11.010350 8.387118
392.350687 11.335128 6.650114 13.744246 11.278140 11.034992 14.670801 9.526723 7.867997 13.019531 12.667291
417.330636 14.211661 5.178621 13.412242 12.778867 13.782033 9.160906 3.228360 7.158361 6.960783 5.350065
368.538311 9.734025 11.626034 8.758480 10.257274 8.707127 13.827935 8.959236 8.958307 5.621376 6.914476
364.252330 6.468221 10.859088 8.854387 15.393757 8.270081 10.741748 7.969182 11.233406 9.685669 10.725599
343.735292 10.157948 8.432496 12.806594 12.051280 14.107644 13.761196 9.450018 2.400536 7.405514 3.241645
337.792555 9.644794 11.616231 11.875048 8.942379 7.463698 6.586485 11.587049 13.766192 11.668608 7.401946
316.485734 7.699354 8.515428 4.807872 12.816422 11.442995 9.169315 14.086745 14.026042 8.275773 12.202024
393.762898 5.462692 9.976313 11.836158 8.551847 12.524939 7.141659 12.070115 16.955398 7.826610 12.870391
318.625831 6.002786 11.278903 8.414748 8.436490 11.233797 9.184714 7.181406 9.624331 10.849117 11.225491
394.579374 8.281851 9.123108 9.247621 11.874455 9.450265 9.967681 10.467410 9.516853 10.957333 7.809047
416.777913 16.271933 12.830034 6.935722 10.435765 8.880733 10.105751 6.381457 5.159537 8.193434 8.580351
390.553463 9.822292 8.778224 7.275000 11.381140 10.828598 8.899735 7.814519 5.341949 8.283852 5.010474
443.250199 7.725517 8.041515 11.643773 10.188147 8.236431 4.772548 7.228011 8.079725 8.327505 7.989839
381.059213 15.751874 9.204308 8.456746 10.349924 12.164049 12.066483 10.425731 7.713771 8.405835 10.783382
420.823876 10.315209 8.307274 6.415204 3.816049 13.112036 6.657034 10.150747 12.016562 10.676405 7.612133
332.389315 10.423711 6.350583 5.248648 10.086708 17.696382 19.962651 9.496365 18.317112 11.877009 10.492236
356.115501 9.596313 12.507863 8.982403 12.637689 11.537019 11.999725 8.867424 10.505567 10.022027 6.852640
392.102793 10.455048 7.570764 9.618158 9.549647 7.873718 8.018672 7.117777 8.117938 11.452968 10.966588
342.040180 11.247094 3.570540 13.694082 5.538014 10.314552 10.002509 13.600584 7.688651 13.817487 13.357426
344.116683 7.994416 14.330262 12.554639 9.642481 13.263140 10.887497 7.879838 8.472808 5.772428 7.103038
346.685224 15.726435 5.746715 7.014601 5.999337 8.800223 5.275828 13.894785 8.034177 9.945369 9.176886
379.884666 11.303735 17.432427 8.152843 12.276011 8.876440 8.663199 14.138972 8.304065 8.069563 9.412708
414.692983 12.349350 10.819246 10.787948 13.859250 10.265781 8.788656 5.372116 12.213596 11.964382 15.137260
394.983249 6.637992 12.627292 7.431601 8.847425 6.272439 9.332962 10.819692 12.750551 6.866052 13.443231
334.134752 12.685119 6.110326 11.012819 6.360339 7.354998 8.005290 11.020882 13.509743 4.604774 13.241576
367.646351 8.764077 13.796476 9.266497 11.186128 8.463206 9.275663 11.760250 9.039501 5.425735 2.112502
349.342793 8.987477 8.884657 8.200307 11.008726 10.565705 8.145831 13.556019 10.921928 10.268418 9.076713
310.135935 12.606822 8.311001 13.377820 4.788782 12.066747 8.301004 9.248443 6.920975 7.210096 11.146616
371.308871 10.240506 9.810166 13.842109 11.833384 6.183819 10.739951 8.844240 11.135113 11.057934 4.010290
406.915508 8.870587 10.453304 3.064545 8.382933 8.733075 7.851212 11.613304 2.508730 8.264096 14.704719
364.158135 11.042345 13.243763 8.105572 11.317981 10.679091 9.548901 10.874458 11.346884 10.378506 10.911970
339.083259 10.970134 8.032968 6.797306 12.737360 13.645901 5.445840 9.568822 12.029149 7.631438 6.701188
403.487244 5.201264 12.929349 9.026709 12.735058 13.608453 7.870757 9.751716 11.902851 13.649898 8.619738
382.149019 8.834105 8.271023 9.218536 12.576345 5.675849 16.100228 11.939048 11.707304 14.795432 12.011869
429.832994 6.438522 7.363871 8.631529 13.917379 9.529230 14.385010 4.233798 15.267042 15.535410 10.690040
414.396703 9.997004 8.878759 8.125703 13.758933 17.122443 8.194493 14.239683 16.499297 19.014070 8.842099
382.886936 9.824473 11.466323 4.667532 9.890608 7.786470 4.983584 9.323077 7.578659 6.052205 12.435606
396.803165 9.224848 12.578470 7.942346 4.741162 9.572876 12.976748 7.247829 10.744801 11.054000 10.717867
445.203777 13.165250 10.702809 9.737539 7.015045 13.279427 12.184910 15.458104 13.270698 11.095009 11.430253
369.379752 12.415333 7.949798 6.705143 12.469398 13.705388 9.348823 6.397633 4.558301 13.925363 9.802331
363.561137 5.686808 12.336409 10.964285 8.429438 5.660675 10.828767 11.583564 9.825884 13.683566 10.249803
391.805964 6.926598 6.389090 10.955090 7.677143 3.843895 11.815720 10.534070 10.264235 13.907419 12.197498
423.794080 10.968156 11.341086 8.996083 8.283605 9.728867 11.928065 10.992284 8.258521 11.529658 10.036452
351.461025 10.713244 7.252598 14.090375 8.357276 8.113817 12.440267 11.973530 9.484024 4.226246 12.475965
315.491851 8.508890 9.911265 10.442346 9.539728 13.086704 14.587955 13.266265 7.733276 15.035879 12.412587
313.189774 9.804655 12.411591 12.009277 9.697222 11.249003 14.680730 5.646785 12.127313 7.171139 7.205229
361.849703 13.721696 10.731277 9.683131 7.323147 9.631091 9.473146 8.559159 7.659104 9.016831 12.101928
394.705976 8.579146 7.404472 10.024423 12.725627 13.826832 12.750776 6.847663 12.103938 10.897936 17.603089
431.586602 6.577153 15.499908 13.613038 14.213701 10.589705 8.396283 10.549502 14.728082 12.428384 7.140784
350.182227 9.307173 17.694245 7.846895 11.101701 9.994511 10.729635 10.082397 4.913595 10.691371 11.499131
326.784809 8.514226 8.967377 13.071525 6.083578 10.854079 13.755945 6.918699 8.679178 10.404728 8.164978
367.948042 9.325699 13.402823 11.418517 10.971135 9.421355 9.852207 8.699895 10.624853 9.357208 15.874386
319.898564 6.604191 11.750990 9.405392 15.948614 13.625285 6.296188 9.276505 10.874144 13.932838 9.779825
354.797098 11.424391 12.960097 6.953301 7.218340 10.081808 9.905316 16.741516 5.517628 6.245430 10.661374
342.100551 6.807901 8.016813 8.087202 11.021961 9.984233 8.163952 11.555282 10.489429 11.750394 10.292445
338.840527 10.272694 12.264811 10.535005 10.326483 11.548309 10.097984 7.816707 10.423544 2.258331 11.301948
432.516256 5.709234 6.893227 9.533520 8.013975 6.085096 7.998732 11.809742 12.785220 7.152052 9.156846
326.734907 9.127526 10.764472 12.381892 6.285403 9.180864 14.849092 11.582025 11.338540 16.722491 11.498974
336.934702 6.984291 13.549317 11.353773 10.251885 9.628611 10.134788 11.740697 10.316684 8.298438 9.584242
400.684182 8.037917 13.401165 9.683410 7.260393 7.598383 15.911775 14.845602 10.180225 13.501212 9.105721
329.974165 7.128246 11.905302 9.371247 9.760067 6.572277 6.489727 4.334631 8.516974 5.970719 8.685761
427.863188 9.389734 9.115881 9.070467 10.909654 11.990127 13.860824 5.483386 9.583109 8.140831 10.815456
341.707135 12.099942 15.701091 8.209603 10.515906 11.904663 9.990099 6.935773 3.387085 7.496206 6.368363
361.436868 10.965185 4.716490 14.177706 13.951324 10.016107 11.743022 10.299393 11.576119 13.323039 14.242700
347.558600 8.728743 13.029628 12.367415 13.066366 11.723272 7.466779 15.613450 9.433279 6.336155 13.167088
387.342409 12.529877 4.082374 4.746034 8.010392 11.250974 9.526875 9.184595 7.730322 6.276154 13.323751
335.068051 12.256697 10.049655 5.980685 9.131456 14.728574 13.022562 3.609377 8.749347 9.647858 7.493274
337.630222 6.941554 13.941801 10.552020 5.858637 9.054539 18.114320 11.884165 9.848740 2.364532 10.466210
376.408479 6.720367 10.325164 11.373556 11.668586 11.044552 10.604744 8.069524 11.324807 10.650759 11.317253
348.471410 17.130886 17.071029 8.915313 11.416397 8.255059 11.869068 14.109922 8.061464 8.339208 7.528494
398.180275 11.779596 10.768511 12.005635 2.962812 7.552258 16.384271 11.095289 7.230190 8.426361 6.387397
311.038020 11.685031 9.878909 9.132730 9.213282 4.472178 11.580501 11.081077 8.842697 7.854925 12.190599
368.244119 10.452024 13.792268 15.782443 8.827509 7.916964 6.427743 6.495515 6.285688 11.221852 13.317965
313.782540 9.374293 8.314642 7.606248 12.121802 10.750083 10.628180 11.100317 9.687414 14.644477 11.318815
351.798635 7.929802 10.942926 13.987784 7.620813 9.990682 1.231499 3.089484 9.915064 6.813107 11.629565
335.831798 17.623285 8.993774 13.877344 9.912062 13.648297 12.129124 7.794732 7.813831 9.855366 11.617630
399.130855 17.628305 13.532746 9.081162 6.113925 8.694782 6.959494 6.977499 6.595776 12.419470 6.992386
335.308773 7.420973 13.428458 4.716024 11.737214 17.099796 9.186558 11.094589 13.528439 10.737448 2.001703
345.802279 11.741356 12.815907 16.045464 6.387120 5.953293 6.707291 7.494097 6.860455 11.839678 9.677381
399.892590 7.933710 7.725887 14.406561 16.139752 7.024888 8.790327 2.855299 7.000406 10.600349 7.477140
362.034202 11.219969 10.246275 8.906725 14.916645 12.695135 10.010735 9.346419 3.604138 9.554410 10.572695
400.593241 6.191883 7.994864 10.896048 5.240902 12.002894 16.089342 13.726658 7.121821 8.932125 6.813367
425.787774 8.842276 12.661396 7.695004 8.475722 14.339307 12.872918 13.086236 12.781740 11.205172 7.338430
336.948413 8.286466 13.926748 7.444240 4.705076 9.382835 11.536915 11.842448 14.416632 11.205303 12.004083
404.470548 8.233687 11.448871 5.027836 4.505391 9.890649 7.199136 7.159146 11.185673 9.122256 12.508106
329.858388 9.772425 13.585956 9.971810 10.810931 11.739952 12.929792 11.159976 6.325308 3.273799 6.656809
397.934774 14.586957 14.670495 5.010808 10.354535 10.554294 10.458769 4.811975 11.099509 7.398120 5.393166
370.300367 7.765852 13.804232 9.528053 8.141901 10.918667 10.919031 10.164058 9.343824 15.994262 9.423403
337.932266 1.297899 14.775827 7.198423 7.594508 6.286254 12.798624 6.655052 8.177504 4.264534 6.164906
323.005609 10.091137 8.779981 6.504626 11.750123 8.126072 11.337234 12.061424 6.209343 10.413922 13.362754
362.071322 5.903863 5.619537 15.587235 12.417961 10.507787 13.404742 12.045966 9.252093 10.309487 13.172517
363.061575 11.013601 6.370431 8.823334 6.499304 9.468152 9.083260 8.245803 6.767453 6.011739 8.052722
326.156798 12.242583 11.025631 16.541156 18.971677 7.712721 5.136558 16.123760 9.657410 16.739167 6.912028
408.113501 15.686484 9.172472 9.213490 7.907893 12.188890 12.289984 13.825728 9.815742 7.730240 7.608537
411.563323 8.721111 8.794179 11.342297 9.896600 5.157183 9.978752 12.733190 14.848408 9.994791 9.445545
334.584803 11.995289 5.374848 12.130619 7.846861 12.117762 4.654780 8.356988 15.530103 5.807442 9.430132
380.281768 11.911452 6.115484 9.330764 11.298807 10.461845 10.063515 9.190716 9.437847 14.578624 4.458259
344.832772 10.536691 12.162568 16.989616 12.847769 10.584051 14.601671 6.130140 14.753227 7.230844 4.542882
335.753262 5.386658 10.139863 7.242926 14.263095 10.541175 10.648588 15.591383 12.797168 12.552506 8.120185
356.020245 4.582803 8.906583 11.332801 11.139986 6.634489 6.908137 11.797170 13.036080 8.759367 6.156489
324.040427 9.586854 10.862075 6.196151 4.817116 11.398598 7.616077 15.136452 11.467139 8.086148 3.342817
370.740913 8.238217 11.124858 10.512323 7.906030 11.879808 9.770657 6.231542 8.993260 15.021448 11.815235
396.933274 8.286614 8.211476 6.155384 11.783297 9.920557 9.764053 11.072783 13.563082 6.895398 11.509212
344.459870 9.361663 7.602378 7.671324 6.934084 14.051230 10.948528 17.149243 9.333522 10.094146 5.956126
383.299514 14.624500 14.337327 7.446733 9.710746 8.310712 9.790716 10.632521 5.062559 12.926015 5.593501
322.601138 9.868291 10.662292 12.378411 13.469477 7.429585 7.953960 10.601307 6.420648 7.080917 12.800536
452.640701 12.357143 11.938188 9.899699 6.265590 12.929638 11.126328 11.562649 12.416709 8.738624 12.577653
340.848882 13.984231 5.268599 6.176457 10.765328 8.249665 15.883471 8.783492 13.630387 10.891169 4.628021
366.921908 7.438358 11.941000 14.937680 14.289567 8.495730 8.058661 13.823594 9.339078 9.490622 9.540674
400.066031 5.891448 4.722543 12.447510 20.574075 7.763961 12.496548 8.050819 12.092716 5.901232 13.789056
391.657051 11.619613 10.391509 12.959075 2.125183 5.224970 8.045805 12.027723 9.280699 14.881121 11.559986
389.630423 7.055995 15.668312 9.158780 12.019901 8.393292 12.852997 7.437656 11.117123 14.888235 9.510718
384.955245 15.869302 11.447703 11.009929 10.426542 12.485706 10.091920 10.376765 13.548039 9.439278 7.713598
376.170461 14.655806 3.984186 5.488833 6.434410 7.325951 5.072442 14.120657 6.315588 10.232153 11.027611
424.443738 15.044294 12.196477 7.672000 2.208945 10.189356 10.297924 13.269491 13.982093 7.033541 8.804628
324.867610 10.221687 2.494722 6.932253 11.448513 7.189186 8.645132 9.014998 8.440069 13.059336 10.932668
363.096907 9.152751 10.325168 8.711982 11.200597 9.573980 15.786959 10.248581 2.484214 10.906592 11.431727
314.576575 12.567206 8.204534 11.411238 7.602841 4.861708 12.112808 14.189984 10.595354 5.594759 8.426488
385.344716 12.013216 5.453538 15.330687 10.914006 4.559250 16.358753 6.946563 8.435393 7.222716 16.040821
445.767473 13.799312 11.223561 7.854052 12.028125 9.291847 11.476380 8.509929 9.476492 7.076207 7.481699
380.893125 15.392927 10.451440 13.128961 12.281719 6.454160 5.808881 11.803024 12.838827 6.919444 11.549013
407.143779 7.092208 12.938510 13.160160 9.556530 11.876615 11.409943 14.210006 7.485832 8.703418 10.802513
410.670589 9.644034 12.640050 8.818996 8.853190 7.314228 11.876443 5.138833 13.384080 9.175995 11.864594
350.190947 10.237427 14.902256 8.911060 9.897894 10.223165 10.807531 14.724252 9.757036 12.346418 14.613337
324.605046 7.795713 10.324659 8.047155 8.430976 10.720096 6.944920 5.062463 11.379932 10.962353 10.058769
352.925832 2.532011 9.983912 14.173552 8.109577 11.206686 13.036351 8.354678 5.798166 7.036655 14.239184
342.902843 11.050437 7.644839 11.957232 10.591055 13.555618 12.119629 6.521386 9.195725 5.101519 9.017775
494.487835 11.554822 11.077783 8.682840 13.007013 6.735744 15.650714 5.340012 8.056356 10.926091 7.353779
412.731683 15.048611 8.049200 11.850027 12.814168 6.156371 6.130630 9.804265 11.941618 10.981828 9.219617
346.475182 8.742495 8.375246 10.066891 14.773524 8.805998 13.559356 12.204701 8.001659 7.476504 8.732203
400.673866 14.850297 11.579973 11.072785 11.797107 17.366955 11.679438 12.210912 6.196362 8.065716 12.303358
394.235615 14.421044 14.170390 13.964342 10.819596 12.407737 10.107606 15.659303 10.338335 10.009219 10.648058
352.145870 11.877374 14.992359 7.331583 9.477680 11.834029 6.917941 12.009192 8.204462 13.286151 11.031972
334.632916 11.897854 13.704891 13.835087 9.005945 10.436766 9.231891 4.955178 7.410543 6.377066 6.159163
321.708522 8.271735 13.644392 9.349484 9.243708 8.799593 10.442450 9.285354 12.713416 10.846587 12.096886
347.433138 4.872357 7.417184 11.902294 6.168466 10.565689 9.522006 12.401209 14.506049 4.170642 16.546384
350.569686 10.106846 3.859893 6.915870 2.923330 12.012046 9.400595 13.477184 5.407546 11.959955 6.271120
429.142234 10.121213 6.699351 9.712820 10.131242 7.279314 12.192639 6.172557 11.116975 7.858443 16.024773
351.522951 12.093258 10.872832 10.348697 8.287127 5.909469 13.235636 5.764236 8.036765 11.003419 11.887049
406.259548 13.321433 10.518798 11.835849 6.519874 12.494108 14.573805 10.171008 8.243518 9.395344 10.038726
342.014609 11.075303 13.743171 9.653603 9.736655 9.970269 13.302123 9.284268 12.265045 13.102695 13.556629
397.514763 13.779677 8.322760 12.783874 9.492084 12.914028 9.936154 9.752893 10.082262 9.967156 12.381802
358.532040 6.688746 9.038390 5.234604 8.784185 7.684364 17.906505 12.576945 11.669561 10.210763 6.826727
329.415221 12.022105 11.338072 10.309350 7.209405 11.661020 8.453379 8.155752 8.976284 10.392072 9.220424
400.789797 15.375748 7.741149 8.988286 10.972471 8.153922 13.845659 10.925365 8.925300 10.039437 9.737590
350.092003 10.816330 15.630670 7.569752 8.878307 12.522174 12.310013 8.896988 5.729665 7.485097 11.030551
401.439143 10.033101 10.944260 18.073963 10.645158 8.181454 13.807681 10.549077 10.126820 11.117873 8.968978
403.121201 8.842572 11.678748 13.783609 12.544698 7.743046 9.830310 8.048499 17.681317 7.262588 9.091348
415.849061 10.271291 3.617143 10.152841 10.946365 7.534451 9.601802 7.730996 13.413009 12.742322 11.125201
379.570911 11.111555 7.102664 9.793472 8.966875 12.177091 8.760493 12.416410 15.108676 13.954576 6.313822
329.185808 11.877216 14.741378 7.747769 12.618134 7.995452 13.525703 12.963574 4.468406 12.058498 17.741577
350.274237 7.178370 8.693782 8.792440 3.948798 9.897531 9.420637 9.302352 9.492030 11.753978 14.732002
340.585900 6.772682 15.442225 13.023848 16.274154 13.972128 3.721429 8.437282 5.086177 11.559104 10.491666
347.634520 7.309602 12.899991 13.181123 14.925252 12.176217 11.326454 9.291687 6.708461 7.069425 9.045293
328.801063 8.885586 10.600567 13.911386 7.569313 4.041193 12.180446 6.511325 10.169483 9.640927 4.995560
368.847259 13.378471 6.707656 8.751108 12.386799 9.328992 5.375272 8.811503 2.237865 15.747025 4.145949
329.469109 16.762565 7.645396 9.937137 8.941904 12.761145 10.235498 11.680305 7.314098 9.776318 2.897747
366.458434 10.317503 8.505565 6.174082 11.821581 10.436062 10.724465 13.956967 13.908295 15.624298 8.131505
372.004925 8.831962 9.973384 10.553315 7.550584 11.238690 14.939785 13.214870 9.018043 14.213181 10.373640
332.398420 15.907355 10.455729 8.499504 7.825061 8.393655 14.849463 11.547273 11.358082 10.409476 8.550138
401.421509 0.815722 5.911446 8.792263 12.520178 11.986094 7.044206 5.943416 15.434790 9.874609 6.958787
335.816230 11.454171 12.175736 13.641389 9.625728 10.549918 9.381442 8.790265 11.615106 10.174849 9.475344
367.165878 9.626376 7.488141 11.533909 5.644194 9.322607 12.519632 7.473308 10.847923 11.458419 13.113693
340.317918 5.327639 12.069085 15.761199 8.499540 8.746069 9.386375 8.915880 14.231693 4.966715 11.099447
384.063985 11.884388 9.199839 6.703748 9.177867 5.688255 13.058359 9.175548 15.489757 13.613050 13.349812
418.481724 8.191115 12.288527 10.337814 5.687605 13.021541 4.153301 8.605029 11.267640 9.932276 11.968987
331.064165 9.014978 11.213118 12.783320 6.513339 10.320547 13.256155 4.745847 13.345435 9.480058 10.997801
357.529058 8.367495 15.318726 8.325499 12.109856 7.339237 7.986281 6.748448 7.252366 12.302022 14.259274
369.583162 5.353680 11.571132 12.568883 8.269367 11.051328 10.306917 13.327940 10.801763 7.582517 5.230889
331.505468 13.868215 9.565835 10.682384 6.206353 10.813695 10.354075 10.690496 8.514162 7.157428 13.058396
450.403475 12.872563 8.490786 11.542936 10.882486 13.412760 8.553048 9.094157 10.098821 8.737362 6.222028
312.827781 12.213821 10.585327 11.011729 9.946292 7.851266 5.767921 5.785387 7.126197 10.692046 13.677640
343.981942 8.163957 14.060421 9.621479 16.203202 7.705379 12.115893 13.167084 12.005358 5.962944 9.895439
383.760238 7.863448 14.113747 14.291069 8.325703 5.430247 9.184190 11.591481 6.734723 10.105275 7.888577
319.076156 12.069945 13.703107 17.587599 5.490127 2.033763 8.465493 12.955068 11.402589 14.134538 8.587693
324.738344 7.271781 12.013624 10.254077 9.692488 7.515746 16.794706 2.863460 7.102536 5.770688 3.801430
314.551672 12.182860 11.175810 9.322298 4.970400 6.797082 12.786198 10.351170 11.140534 10.698381 9.376269
384.376744 9.461561 10.413647 5.030864 7.569067 9.816484 6.274455 15.030956 14.919383 6.046915 12.888244
390.227134 13.287380 7.922706 11.491201 6.337312 10.622135 11.163482 11.072410 13.177379 4.052516 10.082813
329.995262 10.512372 11.614567 8.174067 14.838928 6.165642 8.183013 13.826227 8.681640 11.983388 5.006741
370.152103 13.644671 6.811173 11.959333 11.004854 8.422175 8.683861 11.028235 7.002412 8.544047 9.383469
372.580421 6.656307 5.458761 11.900468 9.745122 11.875571 7.860572 10.051829 13.786791 12.118743 7.298681
402.413141 8.736567 10.048218 8.410318 10.249276 11.398044 8.641742 13.643634 11.580723 17.380417 9.317245
338.804564 6.447340 12.507707 10.741391 15.791686 10.332983 7.774137 13.423130 11.793752 9.156041 11.252002
408.804787 9.693060 6.569752 11.457391 8.532033 3.015846 10.839192 5.480504 10.218533 8.959576 8.269112
422.393164 5.562791 8.249773 11.881321 14.498834 10.227070 7.503733 14.665706 13.670276 13.509175 8.753971
395.454821 10.533829 5.642293 10.093573 4.935011 13.382154 9.095625 7.871914 9.937731 9.815507 8.926936
314.469786 5.122252 5.168631 7.678847 10.619530 12.790875 4.073311 6.012183 11.936965 6.729951 6.502449
454.465634 15.406549 13.065646 5.797652 4.199924 12.402534 13.292728 11.500867 8.210909 7.765168 12.218398
373.522112 11.030724 7.857121 7.151286 13.719902 8.954809 12.403273 8.171875 11.758547 9.810731 4.136057
332.209378 6.935769 8.980153 10.890913 16.527893 7.056904 7.354020 9.320091 4.729525 7.669292 11.239045
366.080823 9.615291 11.954458 10.419214 9.762012 10.763559 10.898896 6.120067 9.369840 6.332569 7.999453
400.738256 14.848109 15.160661 4.940841 8.070980 3.491763 11.713811 8.092229 10.806216 8.201565 6.113027
444.273495 12.019216 8.695475 14.988025 5.432434 10.451690 12.774976 10.577988 11.078810 9.672842 8.246158
370.643101 12.936221 6.228172 9.628511 9.711613 12.455722 11.465746 5.881400 13.033082 6.258137 8.376885
329.846129 8.150713 11.233799 10.822877 7.092579 7.883972 6.470307 6.462458 10.947371 12.134896 10.690679
337.715408 10.137019 14.550238 10.252302 8.603238 8.546151 9.017687 11.391200 12.214346 6.324134 6.312842
369.584075 10.667982 11.570343 12.694461 12.312974 12.535270 12.327793 10.239786 9.626135 8.043467 6.934369
328.097031 11.348450 6.925178 6.553385 9.582051 10.097912 9.728458 11.441566 9.524139 15.143414 7.469552
320.777874 10.430750 11.464855 12.194318 9.642254 12.117163 11.723458 17.073370 14.855254 2.893856 6.093409
388.592643 8.223810 8.696709 10.427103 5.200115 11.310983 12.986631 7.339726 11.712287 11.077199 12.058274
368.951741 6.010193 5.328343 10.002882 9.802702 10.972656 9.315663 10.576024 9.585122 10.343634 8.043056
352.775208 9.656466 9.230455 6.119113 10.454214 10.294092 8.015326 11.315715 6.728529 10.392751 10.294970
353.364860 10.351374 12.327909 3.552397 11.083183 9.653574 9.724804 10.039526 12.652771 7.143016 12.169560
452.412853 9.005911 15.551809 8.637744 10.539897 11.865707 12.729299 12.646946 10.554967 8.866166 10.631707
319.749406 8.045504 13.798035 12.771499 13.017686 6.394938 11.419625 17.485258 14.634021 10.768316 5.803500
349.526203 15.669545 15.359047 8.787741 7.156170 13.540452 8.528891 10.396645 1.534735 10.901294 8.482765
373.345292 13.965139 11.620359 4.925117 9.839580 9.182849 12.225336 9.464534 10.745452 7.379706 8.222796
315.472017 11.087110 7.592622 6.492509 6.444534 17.626843 9.393919 4.945419 10.054308 11.033653 12.153020
340.308907 4.481220 9.200986 3.849117 14.474342 5.318250 8.902499 9.979051 4.955124 9.945159 9.974049
324.703353 7.504526 9.037392 7.412977 4.688379 11.977708 7.923572 10.101405 7.986745 12.056594 14.198093
425.399696 5.998971 7.863095 11.347301 11.095095 12.968451 11.535881 9.582660 10.174277 6.528154 8.359749
348.388144 11.849978 13.395835 6.985745 14.526139 6.791948 9.160542 7.768437 12.859405 7.681701 14.832462
344.220732 6.065922 2.533592 10.328534 10.496052 14.099397 8.363788 12.644117 12.023155 2.165623 11.052182
379.981755 7.532573 9.877378 8.404155 9.894922 6.141084 11.498752 15.536646 10.367981 10.270389 14.580056
420.625837 4.300814 8.115467 13.824335 13.657989 11.343390 3.740083 10.909296 7.618315 9.865962 5.099944
319.668143 5.184425 5.196137 8.685044 11.426800 7.498290 3.522627 8.589816 8.394986 11.943820 9.778922
359.326240 9.011715 14.084296 12.777205 12.269594 7.532332 4.415527 8.590813 13.245364 11.368989 16.012484
424.514429 4.568578 10.090244 11.129326 6.505336 14.280784 13.960493 10.758937 11.164775 10.394216 8.472420
439.983409 14.320561 9.069414 9.643178 2.026555 12.590498 10.629494 11.299925 12.489724 13.869166 13.541652
344.956072 6.868416 6.711867 4.007769 10.078387 11.407845 13.187559 15.265597 13.574405 8.889659 5.627445
353.176297 10.009015 14.806073 14.570148 9.465378 10.083306 14.206477 9.601039 9.270104 7.145015 8.290257
431.518020 6.444363 5.961752 8.572545 7.655140 12.906878 12.990835 10.832686 17.112755 10.805140 7.433408
458.559737 16.836810 6.845569 9.633738 13.923373 7.805150 9.898328 3.987619 12.863486 6.368819 11.802276
398.251035 11.969766 10.098079 3.054042 11.897718 11.856293 4.176933 6.967003 4.980024 8.807919 12.907133
376.670865 14.067070 10.599172 13.365595 10.436624 12.245646 6.465227 7.463061 8.072817 4.241383 12.744314
334.631439 12.466855 8.265794 10.069420 13.742955 10.669357 12.688232 11.293816 7.583308 10.384436 12.016205
421.160183 10.355342 10.829596 4.734667 8.980773 3.734675 15.466440 5.235354 14.840356 13.976829 7.388415
335.672948 15.363493 7.242651 14.369511 7.325431 12.200186 9.421419 10.657739 10.487019 13.065865 7.114895
454.107505 4.991629 12.003504 6.864276 7.944662 11.966407 5.059397 4.714788 13.108437 9.340876 4.785275
336.202774 8.433808 8.053196 11.158413 8.158516 9.712898 16.082572 14.317314 9.800991 10.809151 12.958692
348.475874 8.290894 13.545528 10.416072 10.232061 18.742821 4.253559 9.765785 6.658828 15.211559 6.864084
381.133663 7.495207 5.457026 10.749358 12.953610 11.005930 10.825390 13.476909 8.240715 13.291311 9.981049
400.353323 1.921374 8.473276 12.851984 6.378691 8.827059 9.240723 8.337535 10.810211 6.551877 14.054934
459.186329 8.171520 9.909473 11.807399 9.328648 10.788480 14.126162 8.200342 12.996957 8.417657 8.295001
427.437565 8.594489 6.182140 16.182578 10.229755 7.750157 9.598160 11.728306 9.733665 7.268184 5.358621
364.038959 10.950095 11.911063 16.930098 8.816477 8.304537 8.404390 12.898387 11.328144 11.310262 11.015447
363.973325 15.309783 8.486013 11.968105 13.466635 9.961906 8.398586 10.506276 9.063812 8.960998 9.950648
397.312098 10.327906 14.096024 11.065623 5.692780 5.091239 7.100812 6.971935 8.790483 11.773476 10.168021
312.481806 5.993710 8.995639 6.113487 11.668208 5.922367 8.963941 6.432335 7.746283 7.831541 7.220879
408.200103 7.090284 10.697892 12.030547 7.507723 4.962710 9.851413 7.622706 7.663623 10.139923 6.915073
416.444198 10.406072 11.200706 11.420847 12.059270 13.321545 15.357603 0.992735 6.184705 10.352367 9.917927
413.436108 9.492842 10.677298 15.342940 9.142283 13.581801 7.144070 7.861950 12.424567 5.624091 11.055915
420.740226 14.908284 6.796761 14.168789 13.863034 10.994500 12.600416 7.810487 7.947253 10.355035 5.376392
326.381937 12.308645 16.011825 10.628601 10.969154 10.795676 5.481827 4.837289 13.605527 6.692624 13.689034
400.479147 11.651926 9.887417 8.774171 10.408638 11.851588 9.702886 6.878004 9.290505 8.113632 8.855229
328.769121 11.414693 3.325119 14.848696 7.181831 3.416152 5.301376 7.707698 10.726694 8.330929 11.121769
348.682572 10.109419 9.941444 11.984679 7.156426 3.467114 8.314580 7.412135 10.789272 9.049488 4.956168
340.784991 10.256245 6.205451 9.403867 1.460229 12.293687 14.425498 8.363576 11.891203 10.340518 6.521999
401.288666 2.688299 8.180463 11.755926 9.821189 9.998950 15.374413 7.073377 9.419120 16.961536 12.628460
356.461474 12.564260 3.842200 13.144769 12.256119 12.680281 18.956283 9.601474 8.513662 4.629685 7.830853
368.045963 11.474496 11.298968 8.911869 8.693095 14.700354 6.667668 17.496965 10.516342 9.923722 16.444539
339.903526 13.876740 7.195173 12.126511 11.561563 5.358890 12.894554 9.633590 13.473187 6.792451 8.612853
436.592523 7.175142 8.525772 18.384463 10.507732 6.490683 5.265051 10.821953 10.159624 13.018412 8.290329
360.029086 8.061469 12.745310 8.672763 6.272109 8.254702 10.653263 5.165333 8.099980 12.530884 13.001599
405.455231 9.424515 8.389621 10.518347 7.520998 5.923784 0.681759 6.957151 12.037613 9.311464 4.719856
425.799078 11.140189 11.775533 10.813152 6.842602 9.373530 10.284017 8.700489 7.377100 6.853398 8.201180
318.420647 13.163319 11.086912 10.199675 4.307506 9.003879 9.648417 11.039619 10.366328 17.201954 11.495813
452.217420 11.053156 7.393324 14.924783 8.848513 10.358060 14.567709 11.781745 5.365428 7.590561 8.765659
344.680370 7.196680 12.696464 6.338049 7.972290 13.535962 10.557625 13.959573 10.486136 7.107391 5.410854
415.517605 10.898161 12.968163 17.931531 6.345465 6.597870 8.805843 6.442864 11.013116 4.673049 11.331576
396.404701 5.195758 11.615461 8.584026 13.903594 8.706362 9.663362 9.103221 6.669273 10.409143 11.753003
368.013611 11.352730 14.036559 7.955072 11.623766 11.678375 11.151139 8.378227 9.054571 14.678627 6.480918
423.699600 4.521481 6.009289 7.993398 10.034268 11.468907 9.822242 10.698642 9.179378 9.305834 5.430424
401.477906 9.999191 6.934058 9.996222 8.457860 11.322610 12.432968 11.224817 7.229407 8.331630 12.607679
380.864645 8.383771 10.979788 14.359804 10.039939 12.998121 9.505677 11.085545 11.293613 4.522246 8.310104
363.555761 14.779592 3.066092 9.188836 11.747222 8.614045 10.051170 8.974922 10.750611 8.278579 11.710273
350.313441 13.047659 1.216401 9.915438 9.844186 10.652379 12.288012 8.565989 5.011993 8.726285 6.545375
334.886012 15.295184 8.334213 13.366470 12.199980 9.901067 11.326573 11.907186 18.008222 6.858706 7.032273
348.756345 9.440325 11.799965 13.100894 9.117954 13.263952 12.494046 8.769008 11.624035 13.836523 10.766712
361.051025 12.036945 11.478377 10.052026 13.464139 8.502997 8.823608 5.703781 7.522812 7.786243 7.291897
316.074555 7.329840 12.336103 14.318542 9.714043 6.355422 6.924621 13.283567 6.732706 8.881005 3.630058
359.967044 5.536156 8.409472 10.673184 10.240949 8.557745 9.166338 11.258224 13.679852 16.497033 10.210311
310.367746 8.414112 8.914326 10.598463 14.513265 6.754621 14.612788 13.686443 6.665646 11.348716 9.623868
370.495320 6.071201 7.810061 9.414142 12.386276 8.665302 7.630656 6.232704 12.523742 7.201453 12.748222
386.105970 7.503578 6.685169 2.961146 15.477045 10.361001 10.158234 11.347227 8.283434 11.321212 7.310599
