357.441099
424.043929
410.335090
415.891892
373.692933
338.852794
389.367755
401.082439
357.489911
396.583939
403.632338
413.661219
359.832114
372.908162
337.695571
358.433719
335.227257
314.080325
404.713149
327.834406
364.258703
318.136364
404.517051
435.581376
342.136398
352.437272
377.937404
402.479256
352.709567
404.201874
348.426559
370.984178
391.116818
338.175854
451.406134
335.436423
411.302280
415.738087
324.391520
315.042968
341.947935
341.750568
359.036478
380.301543
355.310045
344.281970
344.757737
331.031202
409.623432
322.484904
342.289345
391.198786
365.061391
325.366788
422.222805
338.711282
322.044771
313.788478
327.351503
341.795672
459.416884
329.048831
403.843723
345.302631
424.147305
325.556599
410.384677
387.571690
335.495790
359.898310
376.516651
349.997197
369.490907
402.309510
330.933153
396.190178
315.154955
401.208029
359.355372
411.126258
359.889874
348.598062
346.201978
329.247406
367.920636
389.327863
365.481222
350.555932
353.847054
397.755372
347.115168
348.808200
366.952948
369.960674
321.455403
416.718412
340.992619
372.811347
410.933849
397.608991
348.256883
407.197521
337.450853
375.885978
397.401196
404.482361
323.423331
438.669875
424.282406
418.957917
361.218017
376.646471
330.011038
363.562607
331.996734
335.250981
370.997325
405.205371
373.607108
332.508112
370.297656
330.943584
358.939554
311.453779
358.257708
395.553352
354.474436
368.140048
474.337239
382.584516
350.819626
385.186455
373.800306
404.525899
432.833003
373.767242
340.065010
312.084088
428.599734
352.440944
378.428198
376.443722
355.428194
348.828983
393.841260
383.278784
398.046870
329.575208
374.567991
314.211389
326.553442
410.186825
452.393835
433.793069
408.516367
340.388649
348.377412
407.519154
370.879470
383.652244
431.217577
317.905660
314.335595
351.174008
436.025202
454.347611
344.956311
321.483791
365.680857
416.557637
383.200958
470.308955
431.002197
351.259552
428.766828
367.345446
344.049041
409.093617
382.879471
370.563806
378.793817
346.912824
384.755612
317.146906
323.034741
359.647434
330.680591
354.415954
371.118439
358.009146
379.265728
361.809398
337.286518
311.026646
441.456329
373.213119
344.306109
327.203238
411.596527
352.734461
319.051373
384.797367
385.720317
366.668890
373.792377
345.972393
455.316975
345.126084
380.775351
320.718752
401.327397
315.695839
347.228160
397.289117
340.353075
402.641487
394.362628
380.192945
316.574902
377.422139
380.333761
411.692078
401.340829
353.189283
421.817517
344.888147
342.614579
327.387649
384.515094
408.248223
312.624511
375.411316
403.416281
345.830191
336.234236
444.527069
453.337612
346.412715
395.020931
358.479864
373.722773
379.541182
324.519620
340.495778
402.805718
346.123333
337.203232
381.148913
362.446296
337.975535
380.570505
408.598650
364.954738
338.106999
349.537559
349.349206
321.245326
360.881910
317.516997
323.981155
436.038522
412.803080
339.249171
379.122313
313.611963
314.501199
402.146978
456.987654
364.118897
414.656319
330.833670
385.837008
323.305861
321.198543
333.870040
422.266323
345.309577
343.058074
340.503045
336.569388
372.621688
381.628580
445.759504
348.830588
404.517837
347.152152
352.540197
345.144850
378.727857
349.937464
379.586581
344.777340
391.461475
351.417141
390.453367
370.206865
450.590287
343.629039
345.708212
421.660760
337.316425
389.563974
356.426748
376.298246
381.333710
347.015821
338.651754
347.723304
370.705274
340.410949
310.811738
340.248293
389.031811
310.988484
403.682251
457.636197
402.664856
444.023495
377.758194
416.216167
391.878572
347.188137
322.265623
382.428958
391.439905
351.722430
339.749270
393.563390
375.817577
367.936861
338.015005
365.598562
319.370044
360.955015
383.651593
378.202833
345.698369
373.644460
414.584779
361.402151
311.095793
393.058225
418.243048
382.995625
386.118896
332.140354
314.332655
338.863988
325.148725
346.288093
393.787197
349.371008
387.447844
456.227223
399.626161
427.850320
369.703790
362.503615
317.686183
371.542912
387.111696
348.825307
382.431133
480.062540
356.707361
399.514061
367.555580
390.017215
373.210034
347.323983
404.585804
351.236503
392.596888
350.933347
348.518490
433.412697
373.841668
343.972753
399.675341
352.516334
364.983363
409.818509
357.704878
376.862394
336.566701
331.259861
350.330634
351.471726
368.671682
350.004025
317.625799
313.986242
383.627959
393.594559
372.014585
340.802927
403.221877
357.808230
395.554045
311.558828
430.433885
346.131291
421.074835
352.545261
349.611600
382.875889
323.661385
385.291214
328.470557
366.163527
403.817303
371.517715
452.343192
366.181786
396.887583
320.348570
367.431954
348.738133
318.211629
374.902981
346.906409
371.220257
324.022212
421.822932
350.896809
361.608170
370.959988
370.404119
413.721263
328.535755
525.774860
418.800452
394.450728
475.292132
378.255584
388.870206
423.632726
463.156643
365.975990
464.422647
407.948412
344.773504
414.551315
394.807532
355.698522
378.313784
440.256858
411.433246
386.440892
369.173442
338.514071
414.629521
461.724631
369.537738
331.876127
366.462228
356.861854
372.998091
325.061792
390.818062
393.652932
354.670260
389.128081
351.169036
347.660115
426.491344
330.852048
311.233499
433.946325
331.740922
370.699428
374.920627
433.344187
323.721124
418.410030
399.963073
344.291367
439.077565
410.937061
311.455994
336.067884
345.090428
379.369681
384.035269
377.633062
324.284406
447.756490
397.127596
423.444896
328.604615
361.987295
331.789123
371.990765
424.033715
325.537308
315.957746
343.275025
438.238059
355.271002
326.375828
353.502900
368.313938
332.316011
383.474111
417.455625
385.204407
314.490718
381.885224
392.350687
417.330636
368.538311
364.252330
343.735292
337.792555
316.485734
393.762898
318.625831
394.579374
416.777913
390.553463
443.250199
381.059213
420.823876
332.389315
356.115501
392.102793
342.040180
344.116683
346.685224
379.884666
414.692983
394.983249
334.134752
367.646351
349.342793
310.135935
371.308871
406.915508
364.158135
339.083259
403.487244
382.149019
429.832994
414.396703
382.886936
396.803165
445.203777
369.379752
363.561137
391.805964
423.794080
351.461025
315.491851
313.189774
361.849703
394.705976
431.586602
350.182227
326.784809
367.948042
319.898564
354.797098
342.100551
338.840527
432.516256
326.734907
336.934702
400.684182
329.974165
427.863188
341.707135
361.436868
347.558600
387.342409
335.068051
337.630222
376.408479
348.471410
398.180275
311.038020
368.244119
313.782540
351.798635
335.831798
399.130855
335.308773
345.802279
399.892590
362.034202
400.593241
425.787774
336.948413
404.470548
329.858388
397.934774
370.300367
337.932266
323.005609
362.071322
363.061575
326.156798
408.113501
411.563323
334.584803
380.281768
344.832772
335.753262
356.020245
324.040427
370.740913
396.933274
344.459870
383.299514
322.601138
452.640701
340.848882
366.921908
400.066031
391.657051
389.630423
384.955245
376.170461
424.443738
324.867610
363.096907
314.576575
385.344716
445.767473
380.893125
407.143779
410.670589
350.190947
324.605046
352.925832
342.902843
494.487835
412.731683
346.475182
400.673866
394.235615
352.145870
334.632916
321.708522
347.433138
350.569686
429.142234
351.522951
406.259548
342.014609
397.514763
358.532040
329.415221
400.789797
350.092003
401.439143
403.121201
415.849061
379.570911
329.185808
350.274237
340.585900
347.634520
328.801063
368.847259
329.469109
366.458434
372.004925
332.398420
401.421509
335.816230
367.165878
340.317918
384.063985
418.481724
331.064165
357.529058
369.583162
331.505468
450.403475
312.827781
343.981942
383.760238
319.076156
324.738344
314.551672
384.376744
390.227134
329.995262
370.152103
372.580421
402.413141
338.804564
408.804787
422.393164
395.454821
314.469786
454.465634
373.522112
332.209378
366.080823
400.738256
444.273495
370.643101
329.846129
337.715408
369.584075
328.097031
320.777874
388.592643
368.951741
352.775208
353.364860
452.412853
319.749406
349.526203
373.345292
315.472017
340.308907
324.703353
425.399696
348.388144
344.220732
379.981755
420.625837
319.668143
359.326240
424.514429
439.983409
344.956072
353.176297
431.518020
458.559737
398.251035
376.670865
334.631439
421.160183
335.672948
454.107505
336.202774
348.475874
381.133663
400.353323
459.186329
427.437565
364.038959
363.973325
397.312098
312.481806
408.200103
416.444198
413.436108
420.740226
326.381937
400.479147
328.769121
348.682572
340.784991
401.288666
356.461474
368.045963
339.903526
436.592523
360.029086
405.455231
425.799078
318.420647
452.217420
344.680370
415.517605
396.404701
368.013611
423.699600
401.477906
380.864645
363.555761
350.313441
334.886012
348.756345
361.051025
316.074555
359.967044
310.367746
370.495320
386.105970
