5.689203 7.038454 7.486315 8.317120 10.001428 10.351679 12.205680 12.226036 12.431395 13.701006
6.398978 7.815200 8.479404 9.322075 10.043783 10.512520 10.521415 11.016004 12.179060 14.367266
7.150192 9.497816 10.393397 10.422529 10.945708 11.799004 13.363475 13.931049 14.871303 16.520070
6.523780 6.909753 7.045782 10.131059 11.250396 11.306276 12.298717 13.261649 14.343475 14.811697
5.761839 6.917696 7.153369 7.225485 7.939417 8.418671 11.546278 11.758123 12.585575 14.204739
4.802908 5.548636 5.998027 6.470798 8.970847 11.079379 11.325172 12.856102 13.911634 13.973339
5.411648 8.084268 8.434079 9.028762 9.380290 10.845133 10.877567 12.574887 12.761353 14.764340
4.269862 6.032498 7.673989 8.815799 9.358062 10.943486 11.188038 11.852312 12.057102 14.512251
3.436617 4.932267 7.667343 9.637062 10.022134 10.064587 11.385397 11.777854 11.940022 13.855279
4.564652 6.405120 7.187517 8.047103 9.722739 9.812331 10.597578 12.094272 14.712760 15.338025
6.491676 8.064426 8.938198 9.965403 10.439234 10.704404 10.983415 11.379424 12.239250 13.501893
7.773035 8.110877 9.161793 9.506338 9.521075 9.786881 9.977612 10.394753 11.210185 12.823556
6.081595 6.905050 7.735277 8.369738 8.839123 11.294552 11.996798 12.711673 13.288730 13.670114
5.451255 7.777470 7.956293 8.253714 8.383940 9.816191 10.005426 10.183671 14.783017 16.781650
5.808629 7.172112 7.318083 7.733644 8.478803 9.539084 9.563578 9.903829 11.492005 13.576477
2.765456 5.992452 7.423712 8.717095 9.182416 9.343443 9.476201 10.032849 12.181284 12.483139
3.977846 7.219309 8.190679 8.417829 9.117038 10.302008 10.551988 12.789477 15.474909 17.213699
4.883907 7.166998 7.393295 9.507856 10.368878 10.372274 10.597084 11.724214 12.931658 13.696334
4.529775 4.970045 8.186188 8.469356 8.632790 9.967684 10.341295 11.318417 11.831719 13.086695
4.509798 7.650717 8.279505 8.626479 9.755734 9.811397 12.644012 12.973610 14.580967 15.333961
8.794547 10.252471 10.286940 10.708105 11.330180 11.424711 12.338718 12.725680 13.593674 17.241493
5.582822 5.851845 6.852345 7.328891 9.324235 9.325663 9.954625 10.124383 11.931939 12.261552
5.659394 7.099423 8.002214 8.903669 9.170907 9.332138 12.065265 13.873301 15.309333 16.534602
7.001171 7.015992 8.419403 8.538752 8.656556 9.379629 9.489727 12.989868 14.352809 14.414871
7.448062 8.235273 9.797871 10.167785 10.411658 11.489534 12.205447 12.934394 13.169071 13.345532
3.412991 4.323248 7.402284 7.916957 8.352918 9.673771 9.893617 10.220265 14.321334 15.274472
5.979009 9.415726 9.660449 10.341466 12.227086 12.325761 12.334768 12.491052 13.365082 15.598132
2.633374 3.924256 5.591014 7.663476 8.292449 9.254627 9.344367 9.748012 9.803909 11.380705
8.158293 8.268999 9.049194 9.088055 10.014196 11.019814 11.296406 11.851977 12.183418 12.297188
6.608817 7.342334 8.937264 9.911953 10.661387 13.265882 13.391499 13.402104 14.032990 16.650097
8.185753 8.609626 9.277881 9.333991 9.785868 9.889765 12.388380 12.504269 12.604469 12.676079
4.086186 5.815808 6.784751 8.814270 8.892623 9.197940 9.941392 14.801625 14.960120 15.704428
7.195709 8.320009 8.654259 10.396447 10.425311 11.349207 11.800182 12.666956 13.015687 17.881208
4.124182 5.342364 7.619482 9.928976 11.204646 11.227801 12.372263 12.542357 13.380469 15.667557
5.264092 5.729210 5.857756 6.226947 6.351287 6.478675 8.278836 9.522005 9.905532 9.962903
5.336334 6.833884 8.692675 9.167634 9.187456 9.900730 10.618353 11.143324 13.308899 13.503432
8.010533 9.218356 9.297119 10.319572 10.712410 11.300911 12.079248 12.212868 13.290503 13.703922
5.862505 6.594913 6.867257 7.046176 8.950188 9.404630 10.235813 10.658405 11.642614 12.567068
6.786216 7.012776 7.808221 8.279589 8.749089 9.539472 9.850993 9.853082 9.856360 10.257611
6.134759 6.487108 7.128991 10.001117 10.123182 10.159777 10.877409 10.921208 11.204848 12.246424
5.094989 6.660507 7.089219 8.647992 8.785409 8.930736 9.552247 10.969921 12.504374 15.407702
6.776920 6.956914 7.738164 8.521439 9.793242 10.507907 11.208512 12.214036 12.488738 12.888870
4.932926 5.319601 7.215809 7.700911 8.868951 9.471276 10.758557 10.771114 12.307999 13.787602
3.850921 5.861148 6.847793 8.092252 9.647721 10.217107 11.367999 11.447781 13.355751 15.073491
1.289029 2.833252 6.296021 7.120116 9.953313 10.129127 10.374449 10.508816 10.543601 13.693959
3.729227 6.737245 8.195819 8.712941 10.609694 11.049376 11.298681 11.829898 12.358794 12.388274
4.134067 4.355491 7.910178 8.302619 9.208580 10.285750 10.843546 11.480777 12.386530 13.674209
4.947585 5.528693 7.649960 7.788622 10.130661 10.173035 12.016087 12.205799 12.654009 14.828283
6.714241 8.857880 9.100058 9.431245 9.730181 10.723951 12.305382 13.091701 13.812168 13.853371
4.773922 10.603386 10.868549 10.905174 11.095587 12.196193 13.242098 13.678465 14.371381 15.156606
7.002757 7.421078 7.560112 7.968637 8.461693 9.198538 10.267092 11.869412 13.688367 16.173508
6.962651 8.107172 8.277822 8.737471 9.098702 9.387078 9.519239 10.161643 10.553109 18.868378
4.549031 5.422675 7.045067 7.197418 8.680181 9.338116 11.253938 12.404816 12.546731 14.065088
4.856706 6.340791 7.924120 8.528956 8.620402 8.725097 9.062618 10.684088 11.026453 11.233024
5.717850 7.195206 9.534464 9.566032 9.694362 9.725190 12.097776 12.384865 12.426753 13.961481
6.356949 7.562061 9.329781 9.824797 10.963646 12.102624 12.744217 12.766253 13.793986 17.029227
7.690685 8.740105 9.702374 10.045551 10.751155 11.998258 13.949058 14.310914 15.051504 16.477410
5.331114 7.264297 8.580336 8.702532 9.579671 10.344296 10.844804 11.005643 11.239256 15.830994
8.475324 8.481030 8.676276 9.661458 9.919648 10.857652 11.723320 12.040366 12.126894 12.738228
4.712341 4.959325 5.482259 7.071356 7.350946 9.186462 9.779143 10.455635 11.969033 13.822337
4.620315 6.002299 6.540825 6.846361 8.571839 9.296171 9.540910 10.097720 11.893866 14.416098
2.515307 6.126683 7.699591 8.950207 8.965467 9.501796 10.011300 11.733740 12.737039 12.881675
6.404532 8.946091 10.110060 11.335998 11.713878 11.810339 12.410507 12.433026 13.586437 14.568270
4.648015 7.587129 7.879005 8.799055 9.848605 11.454058 11.596756 11.606810 11.748172 14.434642
7.605961 7.888134 8.547451 9.275803 9.634728 10.503608 11.245950 12.026687 12.781008 13.279908
5.353190 6.507432 8.954660 9.203575 11.399471 11.509669 12.361803 12.729865 13.983814 15.665442
4.755524 6.722998 7.021574 7.566451 8.410787 8.723114 8.883648 10.493667 10.633219 10.979957
4.900864 6.653750 8.196775 9.069541 9.079367 10.580458 10.702833 11.400612 11.638993 15.391206
3.525241 9.051553 9.753049 10.578688 10.589043 10.764193 11.373866 12.348908 14.307594 15.137142
6.975987 8.365162 8.552077 9.479258 10.374419 11.554443 11.920860 12.956850 14.986338 15.103956
0.484026 6.030210 7.428884 8.183509 8.878917 10.696301 11.310562 13.321176 14.487569 15.254307
5.857047 8.410423 8.528551 10.286637 10.540095 10.802594 11.694943 12.129704 12.625908 17.263097
6.791979 7.556716 8.113624 9.011957 10.846143 10.849795 11.153210 11.719056 12.954575 14.739943
1.562200 6.098904 6.695677 8.564365 9.186088 10.130927 11.119458 11.608983 12.145181 12.315980
5.507482 7.449353 8.770342 9.940653 9.982095 10.237072 10.612525 10.934834 14.747854 14.855079
7.814945 8.284831 9.524848 10.228240 10.665388 11.550199 12.197505 12.380567 12.762467 14.902912
4.986662 7.087495 7.147555 9.782978 11.580903 11.723074 11.739741 11.774482 12.888392 16.225458
3.131861 7.000181 8.163212 8.323359 9.235919 10.367496 11.960956 12.126493 13.781333 14.236091
6.511263 8.677074 8.991743 9.333127 9.997289 10.063295 10.090290 10.364313 11.871021 17.420407
6.027743 7.455182 7.868580 7.936835 9.301159 9.596843 11.205018 11.975080 12.179296 14.944773
5.629172 6.739536 7.133036 7.377953 8.904642 10.075725 10.977197 11.560150 12.449723 15.333244
4.206160 5.682686 7.817516 9.882105 10.017317 10.197827 10.519749 10.770836 11.212751 12.147261
5.309389 8.922101 8.960939 9.379844 9.918148 11.171944 11.226447 11.841736 12.456589 13.401955
4.634376 6.395381 8.335815 8.368149 10.117771 10.370365 10.445789 11.991409 12.259746 13.646074
5.347693 5.968864 6.481030 6.589924 6.658944 7.098356 7.566135 11.138837 13.045945 15.132893
6.912169 7.748929 9.688307 9.855703 11.548142 12.723848 13.132461 13.734585 13.813268 14.512465
7.871989 8.398030 8.692824 8.762276 8.857061 9.257692 10.313469 10.363950 10.439939 13.459694
6.806520 7.724243 9.365457 9.548072 9.937771 10.381627 10.637411 11.418431 12.404489 13.999836
6.908493 7.522228 8.534495 8.990703 9.527164 9.964062 10.720234 10.913827 12.608455 15.795047
6.508823 6.872000 7.195463 8.875054 10.227863 10.713102 10.816778 11.768432 11.796808 16.146425
0.285648 5.687716 6.759223 8.782809 10.315912 10.991334 12.084974 12.461841 14.038820 14.434295
4.531888 5.205993 7.583742 7.821668 8.481878 9.712627 10.960115 10.982511 11.764369 13.111303
5.102867 6.179695 8.078467 9.797889 10.401371 10.824465 11.072983 11.162354 11.492363 12.206344
4.474151 4.550785 6.386394 6.494082 6.697085 7.054712 8.338728 8.608057 9.593611 15.696919
3.521544 6.318170 8.653513 10.268797 10.428328 10.707086 10.868733 11.247604 13.312349 13.554757
6.027351 8.299603 9.231256 9.474416 9.618726 9.687638 9.828581 10.224580 11.070145 12.421501
5.592218 7.743452 9.147396 9.326036 10.603428 11.914062 11.935909 13.041025 14.030046 14.093039
6.045470 7.110496 9.670044 10.465611 10.791018 10.954181 11.341671 15.091356 15.540502 16.838381
7.458744 7.796893 8.884575 9.059812 9.276951 10.882278 10.995872 11.806818 13.615095 15.939504
7.793140 7.993407 8.921815 9.903066 10.644855 10.866478 12.586155 12.660633 12.917296 18.246330
4.609059 7.001151 7.012928 7.392815 7.638544 8.304443 8.337305 10.487489 10.687430 14.252942
5.890604 6.976840 9.779810 9.816333 9.917078 10.289100 11.259887 11.674475 12.282846 14.135007
4.348844 6.117096 6.480537 7.908611 8.914760 9.032343 10.532874 12.040792 12.085573 13.270486
4.446644 5.463867 6.688438 8.331326 9.413465 9.720511 11.185394 11.568296 13.002903 17.009125
4.895402 6.834446 6.893537 6.896150 9.759742 10.584867 11.085748 11.303397 11.732710 16.211768
6.348923 6.575607 8.137174 8.434247 10.582572 10.608146 11.472126 12.803444 13.504735 16.724650
2.026120 6.989236 9.020568 9.748275 9.912483 10.030836 10.567316 11.435728 14.444853 14.746258
3.985894 4.640848 5.284917 8.400237 9.721347 9.838081 10.027064 11.909012 14.191481 14.541732
4.259507 6.387302 6.565864 7.480363 9.008296 9.294039 9.666645 11.167010 12.218466 14.027664
2.413046 5.434475 5.786611 6.410750 9.038933 9.732670 11.701546 12.045813 12.645738 12.783770
4.033001 5.406761 6.494512 8.019537 8.269386 8.590915 8.599069 10.669700 10.849678 15.341619
3.742962 6.061655 6.681183 6.724121 7.690473 8.462116 10.021109 11.214156 11.906012 15.543388
6.760486 7.821764 9.846846 10.049506 10.104405 10.382121 10.425554 10.479653 11.007174 12.114737
5.424309 6.734403 8.127341 9.400965 10.490769 10.667908 11.957105 12.811246 13.271547 16.262514
7.150062 7.843053 10.485908 10.695582 10.837421 11.031940 11.190873 11.408377 11.616435 14.977828
3.224858 6.478118 7.224873 7.558864 7.645504 8.026884 9.082617 10.099589 11.895518 15.664948
6.912633 7.911705 9.029340 9.550905 9.689294 10.034715 10.859233 11.836269 12.227015 12.465263
6.546797 7.761653 8.475614 9.657847 9.672783 10.699041 10.933891 11.180771 11.980460 13.762262
6.714865 7.915556 8.753853 8.851203 8.948811 9.547021 10.232145 12.257585 13.281903 16.676856
7.142242 7.698702 8.197521 9.101691 10.140076 10.176574 10.734629 12.883366 14.785141 16.275477
6.083103 6.223622 6.815165 7.658830 10.265268 11.694678 13.770399 15.270884 16.007897 16.817803
7.818239 7.845072 8.267161 9.006383 11.030938 11.181273 11.970113 13.589257 14.688201 14.829714
5.668066 7.068176 7.609290 7.795958 8.787052 10.168484 10.206540 10.755633 11.215455 11.338657
5.523786 7.529464 7.879922 9.386240 9.567186 9.839504 10.749198 11.097789 11.863372 13.675296
5.621493 8.263650 8.559720 9.710322 10.140386 10.617769 11.016524 12.334707 12.681248 14.681296
5.153267 5.489928 7.329838 7.400571 9.277832 9.555540 9.612561 10.639044 12.209747 15.391075
7.082203 7.136252 8.447298 9.306889 10.754037 11.340497 12.125797 12.535807 12.672890 13.716460
3.742971 4.672803 6.782502 7.038958 7.671720 7.848506 8.871307 10.668116 11.078738 13.875437
6.642701 7.664790 8.920107 9.120954 9.924467 10.126102 11.449153 13.691193 15.956310 16.244430
-0.450648 6.240980 7.768819 9.238120 9.658901 9.743472 11.049549 12.784791 12.866369 14.306237
5.579347 8.864894 9.168160 10.655258 10.912168 11.099789 11.447834 11.788620 12.703673 13.334824
6.949098 7.402111 8.242568 8.956503 10.300915 10.620614 11.902790 12.811866 13.575827 14.090757
3.944626 5.579261 6.100836 7.325788 7.743370 8.646012 9.969505 13.770272 15.771688 18.421556
5.329417 6.803162 8.514448 8.694998 9.420605 10.349535 11.868441 13.162608 13.510407 15.211002
6.116995 6.562563 7.300816 8.243963 8.463593 9.914195 10.550957 12.106245 14.382433 14.941702
4.972351 5.067876 5.487263 5.634910 7.661216 8.584623 9.894171 12.358627 13.433695 14.568072
9.275526 9.404315 9.791337 10.589108 11.126743 11.469676 12.925239 13.195135 13.443394 16.499860
6.720565 7.529390 9.352641 9.512117 9.670299 10.802443 10.972369 11.062374 11.883621 12.066694
3.763865 6.993728 7.954935 8.695276 8.799739 9.815147 10.791612 11.623635 13.142374 15.635625
3.991900 5.450519 9.040878 9.334984 9.983431 10.491470 10.622759 10.790150 14.019255 15.849658
4.332215 5.067713 9.108485 9.196671 9.227405 10.673248 11.026516 11.049669 13.085814 15.085509
3.765435 5.902676 6.959469 8.248983 8.640110 8.801701 9.117129 12.005906 12.450900 18.514218
7.405130 7.527402 8.278984 10.460677 10.575076 12.275868 13.111428 14.031075 15.409310 16.595068
4.878197 7.460784 8.241447 8.871905 9.388583 9.585917 10.106849 11.974690 12.673943 16.095039
6.305962 6.377668 7.181074 8.170842 8.964629 9.323821 9.754675 11.498753 12.073273 14.237222
0.983813 7.736886 8.440986 9.200791 9.480072 10.120236 10.873285 10.926002 12.994678 14.927370
5.789252 7.447564 7.483682 10.121499 11.207414 11.591583 11.736123 13.452161 13.575619 16.062338
7.269406 7.892824 8.484445 10.273340 10.718471 10.998215 11.012908 11.177969 13.074722 14.483714
4.589272 5.491318 6.522069 8.857072 9.509781 10.989005 11.412446 11.567851 11.918226 12.023407
6.410818 9.507693 9.933727 10.174037 10.460377 10.824803 11.435663 13.350738 13.771807 14.801363
1.531819 6.854238 9.416825 10.266865 10.423583 10.617667 10.920962 11.021095 12.611532 12.647142
5.785848 6.494877 6.656187 8.130051 9.389536 10.161353 11.161262 12.431335 12.649921 13.488564
6.732334 7.723606 7.818158 8.462368 9.017013 9.762784 10.000408 10.655629 12.120305 12.468334
6.553887 7.905272 8.693429 8.959230 10.926487 11.071726 11.363779 12.638922 13.845807 14.330657
7.389765 7.967723 8.937668 9.668567 9.858833 10.032546 10.389320 11.338323 11.403192 12.191231
5.001958 6.409668 7.882094 8.440699 8.919076 10.014438 10.249264 11.958570 13.075618 14.418324
6.968167 7.471624 8.580447 9.193268 9.650667 11.021511 11.919738 12.136641 13.886154 14.163973
6.024766 7.394059 7.772002 9.711413 9.882614 10.577023 10.849636 11.996944 12.443231 12.537964
4.628691 5.632172 5.816521 8.913681 10.068692 10.241491 11.873146 13.231607 13.862575 16.516466
7.963339 8.357746 8.956739 9.922198 10.778303 10.799729 10.871187 10.942923 11.026913 13.789810
7.204174 7.649074 8.020832 8.378372 8.837846 10.802671 11.633247 12.525302 13.029980 14.101479
4.845767 4.910710 5.945507 9.217156 9.495835 9.526545 9.791213 9.893551 12.076339 13.326545
6.215162 7.910995 8.140322 9.942867 11.459779 11.888642 11.945660 12.963175 13.202026 13.447158
6.385591 6.688268 7.059358 7.317427 9.322931 9.725564 10.569667 10.902761 11.440489 13.966241
4.713193 8.067515 8.858448 9.174781 9.889647 10.635817 11.092951 11.551658 12.859103 13.619633
7.414477 8.354835 10.119673 10.747057 11.185719 11.307956 12.854924 14.417337 14.845402 15.935167
7.865790 8.658017 9.231542 9.834025 9.984108 11.301582 12.678595 12.899468 13.516147 14.579180
1.768505 3.070587 3.304445 4.389861 8.874218 9.139154 11.046091 13.193324 14.029222 16.205905
4.849227 6.205324 6.884458 6.976148 7.371941 8.529405 10.439092 11.187045 11.675516 13.249164
5.805524 5.827495 6.073507 6.299789 7.845376 8.238127 10.000120 11.403403 12.455795 13.537282
6.056835 6.931124 7.350957 8.321804 8.454977 9.035400 9.508722 10.540743 11.943035 13.424183
5.056474 5.279214 5.786212 6.501729 6.910828 7.996211 9.023494 10.440355 13.120776 15.558621
6.391542 8.712123 9.696239 9.780919 9.952092 10.380389 11.423715 11.559099 12.496103 14.054904
5.366920 6.049526 6.311098 8.613996 8.679164 8.936912 10.318906 12.825564 13.287580 15.538839
4.874719 8.137466 8.729432 9.399683 9.667741 12.073793 13.926740 14.906665 15.037312 16.784207
4.941793 6.592502 7.879232 9.171321 10.445344 10.704380 13.309219 14.319448 14.341620 15.097237
2.738838 6.579562 6.585619 6.835634 7.849895 9.847132 10.291015 11.374446 12.813183 14.934606
6.061620 8.236843 9.440503 10.209402 10.551276 10.702088 12.237554 12.380444 13.176049 13.670692
2.145798 7.277936 9.169558 10.161610 10.402531 11.408381 11.913873 12.169256 12.432535 16.273945
5.647272 5.867374 6.984850 8.052970 9.605644 9.934408 10.418653 12.041198 12.653261 16.100193
3.830810 4.754681 7.035464 8.923324 9.947371 12.089021 13.606711 14.064654 15.867089 16.847627
6.801763 6.847157 7.615555 7.789641 9.597724 9.606193 9.929507 11.660091 11.994533 13.233422
4.323070 5.273672 7.946118 10.844100 11.332116 11.560745 11.906163 11.966978 14.728260 17.376813
8.179860 9.061106 10.577085 10.907425 11.026185 11.877777 12.554721 12.959276 13.398387 16.530419
7.164093 7.738991 7.847087 8.950260 9.136031 11.582408 11.587397 11.771514 12.377568 13.662822
4.504025 6.919266 6.947347 7.061583 7.784152 7.823853 10.939620 11.525876 12.735140 13.409594
4.333808 5.736142 6.626211 6.950368 7.209468 11.634569 13.112408 13.571524 14.688758 14.937517
7.390100 8.017135 8.806877 9.580795 9.802085 10.221715 10.613998 10.762387 11.783380 14.115333
8.375116 8.813851 8.858789 9.545839 11.056753 11.714520 12.764210 13.985740 15.236903 16.393410
7.816201 7.970383 8.160847 8.913634 10.010220 11.153187 11.930527 14.986291 16.689790 17.648675
7.238325 7.559830 7.632711 8.039222 8.632979 12.164518 12.276611 13.231461 14.310156 16.099768
4.057077 8.661775 8.663252 8.799956 10.019139 10.232259 10.685828 12.467414 12.853197 12.860995
5.586552 6.610049 6.980259 8.701132 9.405721 10.433842 10.854831 11.037228 12.060459 15.107980
4.897726 5.365479 6.041008 9.118656 10.382923 11.581854 12.430151 13.448807 13.583345 15.081133
4.414467 6.653625 7.266085 8.303610 8.502694 8.569280 9.051157 9.264051 11.394795 14.829750
4.517102 6.633093 8.905502 9.665425 10.005357 11.480789 12.200172 12.649711 14.563479 15.262840
3.677767 6.723085 8.313835 8.796726 9.483583 10.749470 11.172777 12.013628 12.917801 15.105714
4.859691 6.049939 6.629152 8.791456 9.165647 9.340323 9.515827 10.308945 10.419057 14.034143
7.284673 7.462919 8.914213 9.596046 9.980242 10.334307 10.457740 11.207934 12.526674 12.737424
6.804005 7.745232 8.662953 9.090722 9.963319 10.082491 10.952337 11.287801 12.364788 12.667596
4.406355 5.391759 6.233923 8.239021 9.163566 9.260689 12.023312 12.568428 14.367599 15.168521
4.057706 6.779172 7.681768 10.015952 10.764049 11.604830 12.648477 13.024416 14.814677 15.295059
5.447240 6.409681 7.202005 8.705197 9.388620 11.698255 13.108542 13.295686 13.527542 14.334490
6.620514 7.203101 7.429261 8.354835 8.771677 8.986880 9.786988 10.034809 12.030104 12.627096
6.900447 8.713553 9.842735 10.306093 10.690160 10.888989 11.989057 12.493744 13.936462 14.880885
6.397690 6.939505 9.517756 10.047478 10.480664 11.314964 11.384791 11.426456 13.095199 14.355866
5.883542 7.332674 8.177661 8.640290 9.943447 11.051838 11.062213 11.661798 12.661717 13.409971
4.708847 6.439565 8.176670 10.103000 10.166932 10.315603 10.486125 11.923896 16.050175 16.506906
5.147434 5.373278 9.789418 10.463591 10.542269 11.112702 11.327300 12.717901 12.770248 13.121943
5.054470 8.135498 8.271469 11.569955 12.523207 12.920276 12.960946 15.851456 16.129495 18.648047
5.815181 6.469764 7.626963 8.369756 8.563506 8.947123 9.321100 9.976537 11.413109 12.467865
6.456159 8.294666 9.360063 10.567782 11.400842 11.573337 11.787952 13.401360 13.409625 13.640641
4.522625 4.822323 8.749682 10.366834 11.231524 11.280078 11.877347 12.352207 12.495324 15.166389
6.692006 8.013039 10.071100 10.701216 10.758782 11.275600 12.517517 12.555624 12.927600 17.440881
6.936096 7.130824 7.223629 9.393681 10.727960 11.037353 11.339937 13.207927 13.929867 15.047034
5.804665 6.434289 7.896543 9.381596 11.619946 12.307328 12.312879 12.332689 12.505217 12.663320
2.274762 7.358653 7.965570 8.548621 8.980943 10.189496 10.353722 10.646626 11.813182 14.077877
6.990896 8.831592 9.014335 9.711022 9.752335 10.065131 10.973425 11.693067 11.801113 12.974550
5.796648 9.362682 9.982247 10.325416 10.941945 12.404905 12.667829 12.695532 14.524516 17.542969
6.415189 7.390270 9.242104 9.317920 10.319836 11.194316 11.250210 11.286547 11.578209 12.026967
4.318853 6.103871 6.285088 6.442709 8.822628 9.261679 9.503402 10.066978 10.512442 13.727503
4.822917 6.969145 7.432346 8.618433 11.037175 11.382375 11.386401 12.208642 13.338897 14.387118
4.288414 5.337212 9.453236 10.334655 11.235276 11.444691 11.649773 12.111204 12.532393 12.999692
4.952607 7.660232 7.855678 8.800277 9.942069 11.387843 11.613745 12.439009 13.003579 14.899035
5.047873 6.983638 7.069106 7.286100 10.161253 11.116035 11.327689 12.450291 12.706152 15.001008
4.439257 5.919595 7.112098 9.135160 10.681554 11.021726 12.499504 13.549529 13.694438 17.232073
8.441894 9.075796 9.697219 9.738203 9.929545 10.236301 10.540323 10.559523 12.275981 15.389133
5.514653 7.515386 8.235599 8.355581 8.890489 9.754684 11.796437 12.553379 13.818297 15.527899
6.514599 6.641992 8.036170 8.351085 8.819603 10.251389 10.593722 12.171554 12.554513 16.996964
8.710967 8.720335 9.101119 10.101327 10.559792 10.766754 11.236765 11.730071 13.015750 13.583937
5.758923 6.984782 6.988070 7.064536 8.998597 10.018077 10.411703 11.113286 11.835998 12.112669
2.724210 6.233111 6.847523 8.764173 8.966225 9.985872 10.677416 10.748325 11.294627 11.445446
9.334679 9.477761 10.323920 10.533928 10.593378 10.977607 12.118431 12.292202 13.264003 15.111809
5.404426 6.454928 7.961683 8.993488 10.601783 11.725854 12.049410 12.229072 14.235071 15.579641
5.757487 8.704296 8.909688 9.440748 9.882263 9.998456 10.153809 11.353798 14.092982 14.318558
3.902050 8.051996 8.495556 8.538469 8.574390 8.752345 8.915942 9.816997 10.157486 11.350151
5.768000 7.755150 7.798814 8.464658 9.252837 9.273227 10.203030 10.801650 11.995552 15.658960
4.756818 5.658031 6.525225 7.586571 8.299381 9.641844 10.897513 12.837139 13.150501 16.101781
5.489603 6.170404 9.834861 9.869762 10.208300 10.653288 11.241284 11.830110 12.383649 14.009759
5.156256 5.822745 8.230833 9.233815 10.484356 10.953516 12.436111 12.495740 12.864526 14.520723
5.137183 6.568616 7.250691 9.597366 9.850708 9.934536 11.454385 13.014969 13.956193 15.445416
5.555199 7.146707 7.605103 8.102741 8.619084 8.903907 11.377391 11.399993 11.423720 14.722927
4.295383 5.501651 7.808111 8.225247 9.123846 10.107521 12.699277 12.971751 13.341383 14.905967
6.640837 8.176013 9.931964 10.059752 11.990311 12.001472 12.960654 14.699222 14.922746 15.152347
6.993414 7.284524 8.438210 8.800595 9.214322 11.389216 11.844867 11.871500 12.694982 13.554407
6.127454 7.494527 7.723146 9.734168 9.978784 11.691553 11.742226 12.780991 14.028561 17.676995
4.618647 6.010430 7.141294 10.164423 10.166316 10.389082 11.616857 13.665426 14.272585 14.903796
6.767711 6.936230 8.599096 9.002868 9.911673 10.456725 10.783583 11.134555 11.433436 11.688678
4.881171 6.209043 6.288712 7.788625 8.043224 10.551751 10.602256 10.778469 10.820054 12.123597
5.382743 6.496015 6.960713 8.860991 9.464395 10.545821 10.684721 10.690376 13.312670 13.881964
4.815410 6.307124 9.692695 9.931135 10.552730 10.636535 11.497393 11.548561 11.769126 12.241517
7.254435 7.550987 8.613104 10.234956 14.074363 14.792419 15.007426 15.432625 15.820507 17.147561
7.424016 7.483442 7.832930 8.663892 9.451290 10.665990 11.275694 12.366330 12.693351 13.187110
-0.713426 4.275425 7.221946 8.810053 9.885183 9.907480 11.798592 12.626234 12.646629 12.862390
6.311490 7.020461 7.742810 8.290331 8.773245 8.784705 8.907454 9.628855 11.118269 11.875002
6.739225 8.376737 8.833711 9.999573 10.919041 11.287358 12.912995 13.300988 14.573504 15.176382
5.356230 7.863768 8.425115 8.754185 9.549485 9.781376 10.815195 11.867541 12.475076 15.098329
5.266587 5.738835 6.331017 7.635323 8.633570 9.302697 9.906252 10.971045 11.365573 14.361365
6.183090 7.575662 8.779566 8.959443 9.105006 10.905189 10.963099 11.069786 13.650625 14.606051
6.601758 6.608301 8.992175 9.371903 9.925923 10.253552 10.295479 11.583824 12.192983 15.734469
3.527668 5.781040 7.856899 9.698130 11.363822 11.562675 12.303561 14.045488 14.828404 15.806726
4.463207 7.185362 7.785918 8.408309 8.489460 8.967159 11.639784 12.525030 13.393630 14.530033
6.223272 6.917629 7.208559 7.737180 7.869218 9.494043 10.735176 12.193154 13.226957 13.966833
7.007439 7.526460 9.566619 10.049024 10.349666 10.465555 11.117902 11.584121 12.353993 12.713108
5.474003 6.010802 7.557177 8.509344 9.190259 9.385868 9.718863 12.273142 12.871312 14.609004
7.401985 8.796891 9.335351 10.079990 11.523411 11.604231 11.723231 13.397354 13.682193 16.170242
2.792061 7.830923 8.031107 8.325521 9.146598 9.314028 10.682389 11.961188 12.111472 13.190790
5.004979 7.596476 8.677423 8.981721 9.027957 9.998043 10.218050 11.784613 12.372385 13.436050
6.278194 8.768421 9.874186 11.001285 11.795961 12.516594 12.969738 13.933105 14.464277 16.122911
4.009571 6.254398 6.503938 6.573369 7.955877 10.921408 11.090966 11.395178 13.739866 13.961034
5.500838 5.763000 5.872845 9.465459 9.542792 11.359303 11.599034 12.639172 13.714332 14.997532
5.966612 7.140348 7.473331 8.331037 9.045650 9.188144 10.066572 12.911700 13.868687 14.333015
6.880227 7.414446 8.277892 10.083748 10.092756 10.670354 10.764825 12.320282 14.341624 15.173416
6.375908 6.469583 7.491573 8.079755 8.577205 9.724561 13.298510 14.505934 14.762550 16.067705
4.981201 4.994897 6.586556 6.614130 7.478916 7.792029 9.357909 11.405168 13.301524 13.494578
-0.018818 6.048897 7.037491 10.329250 10.654541 11.316779 11.843015 11.869409 13.854218 14.985148
6.020379 6.531384 8.130455 8.514704 9.327583 10.377700 11.488780 11.823652 14.004089 14.800203
2.366335 6.303799 9.303078 10.090966 10.751918 13.096135 13.496853 14.144343 14.652979 16.671108
7.718390 9.061054 9.689597 9.723556 10.749608 10.887840 12.500395 13.479115 13.509155 15.643776
7.091736 7.512313 7.723402 10.426238 11.286745 11.606253 11.833060 13.143963 13.737413 14.535493
5.225134 7.155804 7.434616 9.513721 10.646614 10.968367 10.976693 12.746363 13.432932 14.192291
6.070965 6.669756 7.997424 8.036230 8.754093 8.873737 9.039167 9.788057 10.340565 13.320441
4.562295 5.035816 5.097619 6.938295 6.997795 7.533914 8.962639 9.733867 11.493671 12.954784
5.021229 6.497790 7.757698 8.120639 8.489513 8.702105 10.260688 10.425134 10.554698 14.399788
5.576451 6.289994 7.121246 7.142806 10.024589 10.850177 11.028758 12.789786 13.163642 14.547931
5.103888 8.671497 9.810815 10.261986 10.373678 10.573360 10.691163 10.803375 11.482689 12.796267
2.677265 6.132929 7.604590 7.995067 9.125250 9.344031 10.233037 10.923009 11.854677 13.299792
6.372552 7.408527 8.124958 8.598807 8.860056 9.579593 9.681790 11.011994 12.541302 20.253233
3.192876 4.695085 7.969362 8.624148 10.297535 10.891712 11.216016 12.094788 13.457300 15.124708
6.567467 8.192645 8.299675 9.759747 11.555680 12.421226 12.490286 12.503130 12.954771 13.011688
6.808314 7.125418 7.606695 8.431968 8.804463 9.750549 10.287705 10.318651 10.535516 10.941636
2.566481 4.577480 7.381973 7.472251 9.111775 9.840220 10.655352 11.609605 12.986839 18.687479
5.137372 5.626483 5.796674 7.570462 8.834371 8.967928 9.645483 10.033632 10.464467 10.813680
6.625088 7.791693 8.232157 9.285832 11.765887 11.967848 12.552893 12.758065 13.175913 14.482307
5.078369 9.438283 10.179267 12.424253 12.461259 12.623493 14.333821 15.020330 15.368411 16.335276
5.243471 7.941357 8.902686 10.065118 10.383153 10.901086 10.944390 12.705985 13.199134 13.360441
1.727931 5.699730 8.166084 9.188136 9.551118 9.981672 10.507038 10.837435 14.193371 14.605539
7.581208 8.439524 8.647450 8.746117 8.797888 9.167505 11.314774 11.946462 13.214112 13.902084
6.369859 7.712284 8.088905 8.115004 9.945385 10.702410 11.661825 12.169197 12.986517 18.628055
7.514417 8.253175 8.272014 8.352656 9.374720 9.904032 9.946496 11.522083 12.526963 14.351616
5.511677 8.149758 9.778985 9.799520 10.090493 10.154948 11.218611 12.533528 12.859194 14.106845
6.102427 8.046388 8.553240 10.411461 10.487967 11.440734 12.173791 12.706839 13.405302 14.651793
5.178415 6.936129 7.747494 9.495864 10.051154 10.585471 10.839314 11.209513 13.144854 14.200678
4.305426 6.133668 8.416379 8.456222 8.683806 10.336542 10.590822 10.735893 10.990781 11.720952
5.554531 7.082391 7.144065 7.397167 7.522945 9.299544 10.634165 11.772084 12.735561 14.111289
1.946660 5.845341 6.456194 7.045494 7.570878 8.595519 8.873762 10.058885 10.862018 11.614986
4.416555 5.320311 7.372365 7.952897 8.955906 9.263941 9.354375 11.427287 11.865540 13.849637
3.735798 5.238569 6.988316 9.440487 9.465023 10.182943 10.231427 10.613541 10.841026 12.067598
5.828764 6.704132 7.337721 7.683139 8.123623 9.500436 9.799484 10.613065 12.565967 17.831911
2.613351 5.608247 6.738582 7.858973 8.453070 9.291398 9.449636 9.453801 10.814877 13.542851
7.409076 7.517671 7.890928 9.108316 9.219196 10.411731 14.308101 14.859306 18.474858 18.556731
3.349765 5.958191 7.985902 9.882309 10.030865 10.470709 10.811243 13.744374 16.222179 18.602031
9.039344 9.331942 9.554675 9.844041 10.943830 12.370553 12.914341 13.061628 13.707681 14.036566
6.910478 8.277700 8.678402 9.745671 10.384688 11.634857 11.762032 11.779535 13.120520 13.382510
7.215002 7.617167 8.945404 9.930434 11.077091 11.695254 12.800598 13.352530 14.585281 16.041116
7.770959 8.385732 8.573289 9.475193 9.758759 10.119266 11.334714 11.942355 12.424370 14.094023
5.359274 5.449915 6.615274 9.379154 10.090036 10.576377 12.532526 13.819006 14.251274 17.401901
3.961786 7.002715 8.045532 8.447613 10.146623 12.574734 14.618548 15.123970 15.580866 15.658127
7.505115 8.058546 8.427579 8.900520 9.340900 9.350131 11.644964 11.896731 12.544862 15.096996
5.467649 5.790548 7.514462 8.549762 8.694896 10.583754 11.267881 11.632316 12.090506 12.187438
6.235742 7.821967 8.645936 9.297794 10.123369 10.389887 10.533816 10.900327 13.470891 14.049730
7.053541 7.473561 8.485730 8.987299 10.276428 10.946739 11.750810 12.470662 14.553699 16.592297
3.935755 5.217567 7.467810 8.180115 9.001683 12.242889 12.639721 13.270324 14.131719 19.148042
6.339139 7.467991 7.837908 8.874052 9.816833 10.864232 10.952872 11.102910 12.286149 13.395729
5.785543 6.440303 7.874105 8.451163 8.898337 8.932014 9.217438 9.541758 10.306129 13.355024
4.383477 5.275974 8.549217 9.143760 9.839030 11.242768 11.748680 11.920868 15.096014 15.509808
7.995525 8.970353 8.977001 10.295079 10.614712 13.440154 13.565935 13.688168 14.528502 15.351613
7.410669 7.937576 8.336447 9.099290 9.275760 9.803895 10.399108 10.583577 12.560194 13.152474
5.308705 6.323886 7.604196 7.679805 9.006936 9.800470 11.768992 12.277330 12.945799 15.376140
8.455571 8.834897 9.219391 9.725461 10.424060 10.721861 11.039892 13.020070 14.584356 15.307700
5.264733 5.636878 6.789307 7.374168 7.549464 10.059837 10.226994 11.177092 11.300427 12.727357
6.860736 7.906996 8.444729 9.044266 9.057193 9.246268 10.613818 10.650422 11.153988 14.043467
5.436828 6.752021 7.726115 8.491352 8.582248 9.476073 10.001202 11.005910 11.633496 16.097638
7.102997 8.074777 8.329552 9.496520 11.380677 11.546380 11.946583 12.149306 12.751420 13.607652
5.502591 7.512265 8.570995 9.547610 9.625743 9.779911 10.158501 12.245387 13.647295 16.107547
1.859415 4.713735 7.597842 9.112320 9.162287 10.215744 10.460646 10.670179 11.315878 13.509090
6.217554 6.361583 6.818057 7.137079 9.830294 11.409432 11.716808 11.750340 12.737865 14.039679
4.292286 4.677781 10.113636 10.301727 10.329085 10.640956 11.250377 11.752462 12.618654 12.978355
5.498294 6.685176 7.295849 9.242325 10.433010 11.135981 12.153079 12.170716 13.590772 14.260024
6.075795 8.401634 8.871238 10.069804 10.131161 10.259575 10.733971 13.196919 13.662712 13.919125
6.653339 6.776754 7.505086 7.610075 7.808725 9.734887 10.316925 12.009867 13.123781 14.147410
6.865898 8.253644 8.665342 8.736397 9.475497 10.356193 10.752114 11.558413 12.424951 13.434284
7.634712 7.781877 8.338552 9.478316 10.709297 11.373824 11.527805 13.817624 13.946629 14.260517
3.891807 4.664652 5.547324 8.454881 9.544999 10.645809 10.997454 12.244849 13.787925 13.796988
8.454566 8.630647 9.223263 9.354034 9.440202 9.902578 10.203561 11.286237 11.542060 13.951598
3.499106 8.559910 8.784679 10.905373 11.192442 11.737912 12.331940 13.507984 13.619800 13.711576
7.253837 7.805936 8.974602 9.249390 10.603111 11.428096 12.072108 12.090111 12.383978 12.548049
5.858466 7.708862 8.523082 10.445079 10.790921 12.343281 12.525400 12.816179 13.819830 15.523780
4.778674 6.759495 8.866520 9.692872 9.749643 10.410110 10.933373 11.318750 11.876387 12.018841
5.346176 5.449904 5.533547 6.534992 6.896774 7.045923 8.664918 9.005638 12.608438 19.003293
6.264597 6.769276 8.018270 8.808527 8.996370 9.365361 14.182379 14.682374 15.610349 16.484456
3.992365 4.367260 7.460276 7.789371 9.696953 10.062284 11.777291 11.854535 14.539468 15.819733
3.083937 4.471545 6.263383 8.328484 8.421608 10.750784 11.114974 12.389577 14.497505 15.485258
6.678534 8.382898 9.326203 10.001138 10.343367 10.519086 11.964900 13.034293 14.187752 15.493474
2.741422 6.796756 7.343441 8.689394 9.112611 9.209024 9.982356 10.472093 10.795648 10.888437
4.344287 5.781750 7.492175 7.852926 9.349164 9.359043 9.406626 11.966501 12.114848 20.728646
7.084935 7.121229 7.826371 9.820740 9.824126 10.712324 10.843403 11.180062 11.823289 13.247076
6.281775 6.303330 7.979564 8.385094 8.987232 9.109691 10.407928 11.443001 14.014118 14.637669
4.999091 8.321775 8.336087 8.345078 10.246653 10.464839 11.811826 12.359344 13.386086 14.730040
2.029470 7.670947 7.773625 8.524066 9.383073 9.633310 10.125485 11.848077 13.010567 14.676443
2.703542 8.478989 8.593539 9.190823 10.087736 10.573218 11.328748 12.052770 12.276811 13.357532
1.525249 5.046150 8.321232 9.417835 9.875724 10.953297 11.545327 11.703089 12.011578 12.544918
5.665787 6.014888 6.264406 6.912711 7.424999 7.504359 10.483631 12.782881 13.140611 15.000462
3.753289 5.581541 6.537505 6.894314 8.132598 9.391108 11.733263 13.004235 13.973890 15.922262
5.567112 8.118940 8.880354 9.663638 9.666270 9.771318 11.751164 12.194331 12.195873 15.212596
6.536810 7.189250 7.451778 8.239425 8.746278 10.138389 10.304796 12.073290 12.148935 12.857666
6.342229 9.259876 10.087744 10.306910 10.373713 10.495415 11.093690 11.427032 11.477524 14.807688
6.846313 6.856613 7.565147 8.265910 9.039138 9.491781 10.121139 12.024203 12.344936 13.417903
6.189187 8.679256 8.804119 9.420354 9.926896 10.055610 10.360218 10.410586 10.991717 13.057278
1.331466 7.630742 10.033732 11.005862 11.247366 11.886277 12.365230 12.578871 13.628037 13.689578
2.915583 7.531010 8.950485 11.519751 12.210692 13.692177 14.471519 14.604923 14.679626 15.997874
5.192279 7.351092 7.536840 8.867986 11.750075 11.915824 12.393586 13.197307 15.012578 15.288389
4.443873 4.600104 6.696558 7.445400 10.795576 11.308162 11.416146 11.629960 13.181644 18.011951
3.832537 6.390004 6.467835 7.578949 8.748101 8.952299 9.759574 10.788317 10.998338 14.128720
4.388527 5.402388 6.478881 7.180802 7.924082 8.767734 8.887324 10.248965 10.422711 10.730065
6.896451 7.142973 7.391058 7.447565 8.314852 8.697057 9.114438 11.757553 12.628329 14.587245
9.282817 9.295896 9.796788 10.165917 11.148132 11.492564 12.537798 13.621100 14.085955 14.565102
8.106856 8.275905 8.315006 8.392691 8.562959 10.533406 11.067401 12.717226 12.898439 12.945363
3.879480 6.057763 6.254252 6.798189 7.169861 10.200292 10.732156 10.882054 11.263822 13.554537
6.826470 8.931669 10.218423 10.603705 11.121225 11.181595 12.138530 12.581054 13.075819 14.312349
4.532605 8.686643 9.183971 11.202913 11.499037 12.155033 12.786548 12.991142 13.086122 14.477532
4.829354 5.928369 8.479641 9.833194 10.250581 10.725918 10.808217 12.054979 13.841309 15.528760
4.043718 5.330763 5.362464 7.678247 11.166986 11.203478 11.464517 11.541509 12.548167 13.298840
7.793690 7.836806 8.360109 8.488214 8.792466 9.394983 9.429019 11.908803 12.474441 13.594782
5.449349 6.867068 7.244726 9.563318 10.110672 10.690921 10.994871 11.196383 13.300391 14.325899
7.051074 7.228308 7.865297 9.022573 9.206376 9.578150 10.745694 11.620514 11.793639 15.829292
4.158527 6.767111 7.862018 7.862975 8.568355 8.822623 9.934886 11.825592 12.380910 14.258394
7.626856 7.645078 8.050775 8.062208 10.042483 10.531259 11.532511 11.882398 12.305099 16.838429
6.136193 6.751734 8.792776 9.137243 10.201626 10.420226 12.152572 12.237447 12.358532 12.843200
5.520798 8.604219 8.695436 10.085498 10.470484 10.737586 11.735220 11.812149 12.746220 14.543265
6.558046 7.749777 9.196002 9.679175 9.720562 9.748233 10.687088 12.265829 14.175405 15.191584
7.997713 8.051896 9.798973 10.739938 10.847086 12.157150 12.354564 13.616640 13.939550 16.416466
2.894090 5.908848 6.982614 7.052854 8.486916 8.625230 8.919854 10.926592 11.619435 11.939971
1.750256 4.867267 5.229447 6.939020 8.678619 11.081821 11.540796 12.923316 13.916752 14.338040
8.552900 8.976656 9.956846 10.049143 10.376426 10.439889 10.975914 12.096386 12.971136 14.091475
6.213851 8.225016 8.933555 9.010094 9.716988 10.405263 10.492449 11.538485 13.008314 13.851485
6.226605 6.344654 8.111325 8.343018 8.941767 9.832761 10.125446 10.271019 12.635394 14.161588
3.762146 8.186861 9.279597 9.499459 9.579486 9.587969 12.447960 12.913343 12.927922 13.971635
3.638122 6.195925 6.390815 6.796772 7.686026 9.123763 10.773040 12.235874 13.359428 14.624838
3.446165 4.733253 6.839765 7.972940 8.109894 8.240101 9.301685 10.806609 12.188745 13.205762
3.600763 5.603910 7.333735 7.866275 7.889794 7.934665 8.468254 9.788544 10.899244 11.897760
5.797320 6.198043 7.156655 7.952963 8.546731 8.611949 8.659641 9.161894 12.409210 13.519183
7.048921 8.709414 10.373761 10.575307 11.802777 12.086738 12.095198 13.507254 13.821179 15.070143
4.891392 8.059407 9.325569 9.741530 10.605699 11.295953 11.926859 12.775574 13.731086 16.428721
4.331513 5.758731 7.903534 8.494399 10.160088 10.953503 11.532664 11.602558 11.603829 13.712782
3.169802 7.780629 9.091687 9.887902 10.813459 13.312285 13.714820 13.797962 14.274631 14.663746
4.830394 6.762854 9.483367 10.193836 10.677629 10.722944 10.765437 10.876846 10.929987 12.124781
4.911953 7.003184 7.614389 8.698770 8.950585 8.953024 10.726774 10.896408 14.945479 16.032253
6.513871 7.109361 7.596035 8.170316 10.497224 12.070368 12.293839 14.156459 14.820231 18.153374
5.345082 7.419435 7.793237 8.018842 8.141074 10.756480 12.314652 12.449847 12.808489 17.716769
6.753474 7.103285 7.631170 8.253081 8.386689 9.207340 11.019719 12.327517 12.872098 13.218432
5.720960 6.513135 7.501164 8.313306 9.803620 10.832093 10.956060 12.701097 13.012929 15.102165
1.552778 5.912722 7.327177 7.683659 10.185991 11.015877 11.275867 11.293204 11.641073 11.675748
7.448811 8.585931 8.739628 8.757150 9.896708 10.771408 10.846395 11.012297 13.721641 17.215114
6.102189 6.419809 8.007785 8.157573 9.268575 9.611694 10.018397 11.962673 12.952506 15.245048
9.263878 9.543226 9.607708 10.008208 10.772682 11.979580 13.046326 13.049891 13.437741 16.814681
4.161370 4.239653 4.501500 7.756933 9.831893 11.293963 11.333146 11.716141 12.224176 15.315996
7.090256 7.503831 8.954092 9.388594 10.711823 11.283589 11.919123 12.498867 13.668038 16.085211
6.389548 7.008697 8.556587 8.735261 9.295795 10.690457 10.964710 11.733988 12.495242 12.854712
7.149680 8.073865 8.552595 9.586688 10.292237 10.346334 10.442958 10.685361 11.197898 12.009511
6.100706 6.495876 6.600030 7.258964 8.842156 10.096636 10.115130 11.250735 12.584293 14.688942
5.136273 6.912463 6.916922 7.309321 7.905319 10.384818 10.717613 10.899719 13.727262 14.531458
10.304109 10.350978 10.903777 10.914046 11.250831 11.939164 12.144130 12.768430 13.797929 14.204126
6.470253 8.145773 8.776990 9.266281 9.636026 9.756783 10.202220 12.083192 13.569780 17.293049
7.742560 8.262521 8.383925 8.786850 9.959158 10.179402 10.260570 10.506030 11.625966 12.906280
6.926049 8.389785 8.730615 8.973326 10.436297 10.619648 11.028473 11.502525 11.511817 13.875194
7.925532 8.326999 10.159213 10.932997 12.533775 12.562480 12.657000 12.797242 12.923812 14.229393
5.842347 8.342417 9.262529 9.268043 9.517253 9.756605 10.255967 10.564628 11.882154 12.346105
3.688049 5.219567 9.818876 9.910473 10.203257 10.478859 10.562518 10.865212 11.250155 12.299599
7.992313 8.056546 8.388401 8.677573 9.997018 10.689433 10.930411 11.874148 13.369352 15.757466
6.956294 8.243774 8.827887 9.343693 9.824300 9.980513 10.603492 11.189002 14.591137 15.095419
-0.036736 6.976581 7.254997 9.481129 9.726381 9.877221 10.752256 11.153633 12.960414 15.486872
5.808468 6.582268 7.140708 8.236469 9.545289 10.055135 10.135191 10.377979 12.015078 13.474026
4.165985 4.903576 7.357826 8.199263 10.056651 10.268289 10.857630 11.476843 12.657308 13.372046
4.477352 5.860077 6.170690 9.018752 9.286533 9.712399 10.290648 11.052160 11.735730 16.140059
7.240477 8.098268 8.502274 8.504047 8.715395 9.312880 9.631823 10.849342 11.580531 12.288883
5.462723 7.628315 7.807682 10.939950 11.025777 11.043526 12.417797 12.463713 12.949894 13.256273
5.521207 7.320399 8.906450 10.550428 10.725865 10.814020 11.308249 14.277954 14.624837 14.913866
4.194908 5.130618 5.956410 9.077705 9.730515 10.851613 12.044444 12.798881 12.806757 13.161132
2.946472 7.144435 7.805712 8.190687 9.419487 9.541123 9.556710 10.471194 10.676868 13.327500
7.262576 8.998619 9.668886 10.083616 11.345697 11.490893 11.711384 12.055062 12.924683 15.305341
8.137132 8.745130 10.570165 10.646544 11.191251 12.080869 13.058433 13.220999 13.943237 14.007673
3.121005 4.787085 6.239107 7.095643 8.720767 9.237591 9.983457 10.072683 11.458634 12.726790
7.707202 8.795593 10.885691 11.604774 12.104920 12.671201 13.781500 13.925916 14.085814 18.999006
6.065152 8.149399 8.683317 10.673936 11.032368 11.877427 12.012740 12.190002 13.048790 15.183772
4.777910 7.837559 8.474470 8.503855 10.452188 11.638591 11.740513 13.047233 13.724992 13.829842
3.682513 6.347812 6.446546 6.680296 7.682890 11.361163 11.443834 12.655481 13.024674 13.431882
5.124790 7.501762 8.661546 9.463746 9.479838 9.954915 12.090422 12.311766 13.616864 16.941383
6.229099 7.098369 7.616854 8.760186 9.636238 10.180480 10.412057 11.900832 12.234306 14.279465
2.763968 6.110190 7.131346 7.477051 9.298601 9.404362 10.530162 13.427774 13.917228 16.790558
3.760983 5.160613 7.209831 9.320137 9.936189 10.735802 10.809586 11.033559 11.962244 14.299339
6.196565 7.966676 8.685608 10.384684 10.788760 11.357094 12.277336 14.031994 14.274602 15.242726
7.327700 7.487988 7.997405 9.341301 9.563571 9.893726 12.700592 12.820400 14.291003 16.082654
3.855915 5.690625 5.805210 6.261336 7.821330 11.706046 12.027720 13.308836 15.443205 16.205940
9.235559 9.858652 10.032023 10.789133 12.910260 13.532989 13.699783 13.734419 14.861725 15.169421
5.410345 6.954770 7.492307 8.137484 8.789422 8.871036 11.486085 12.115745 12.484557 13.071332
8.537415 8.619747 9.539109 10.227817 10.570733 10.987980 11.451884 11.659686 12.053983 12.457243
0.851472 4.848940 6.505593 6.730357 7.202219 8.085694 9.650621 9.679807 9.781230 12.032037
3.800114 3.958240 8.990562 9.133163 9.579675 10.042573 11.388472 13.012126 14.460801 15.159387
5.749760 5.772759 6.089690 7.128548 7.339463 8.041308 8.150778 8.753522 12.352953 12.897326
5.868555 7.698499 8.661278 9.272114 9.290898 9.484982 10.468111 10.790504 11.174102 14.665939
5.338868 6.512156 8.245933 8.851990 9.944293 9.985638 10.638819 10.831339 11.515029 12.137660
8.435269 8.447911 8.785289 9.390074 10.017455 10.382808 11.361922 12.706874 13.059200 15.737956
7.851528 8.160805 8.297460 9.063094 9.257149 9.343740 10.837187 11.313196 15.337309 16.128844
5.539346 9.358725 11.039303 11.257241 11.718717 12.150050 12.263078 12.921799 13.965211 14.643271
5.873475 8.246945 8.526571 9.319743 10.168631 10.946943 11.056231 12.469396 12.588073 14.765145
6.671336 6.894983 7.071089 7.707872 8.108857 8.883888 9.170631 10.052641 10.398199 10.536693
5.805457 8.251032 10.038118 10.445949 10.667093 12.013301 12.025701 12.695691 13.317283 15.449693
7.831978 8.563273 9.372181 9.646825 9.990946 10.309709 12.282710 12.839106 13.313962 13.973581
4.992613 5.990335 9.269255 9.433719 9.570709 10.040410 10.519327 12.601862 14.092020 15.281740
8.682005 9.369685 10.392684 10.431221 10.810890 11.876000 12.528213 13.478405 15.247855 15.976417
6.300112 6.575779 6.891640 7.522326 8.536523 9.077391 9.188375 10.499658 13.119073 16.490459
1.436778 6.072288 8.901978 9.629182 9.797562 10.225570 11.042209 11.296972 13.249868 14.997151
5.751423 6.837853 7.003414 7.779684 8.830876 10.201083 10.399349 10.806010 11.061045 12.519666
7.800404 8.354596 8.689562 8.924837 9.493845 9.842175 11.377156 11.390761 12.681054 12.874471
5.564798 6.383435 6.486782 10.481141 10.566013 13.189257 13.247139 15.539955 15.601038 15.802827
3.355857 6.703523 6.799602 8.171827 8.394165 8.628819 8.910693 9.762710 9.885100 12.005037
7.301481 9.366456 9.707744 10.274645 10.417342 10.545946 12.001763 12.135937 13.509303 14.736894
4.508965 5.441274 7.080111 9.079902 9.490177 9.580570 12.104142 12.748011 13.245533 13.873444
4.467687 5.644048 5.672009 5.795140 8.134468 9.835547 10.227211 14.076789 14.134638 14.886349
6.248568 7.333424 9.017256 9.072696 9.707828 9.806576 10.432521 10.519970 11.645556 15.610609
3.047520 3.265133 9.334443 9.741184 10.853843 11.203911 11.948531 12.630874 13.434217 15.393127
5.146275 6.513716 7.129458 8.094576 9.152138 9.847050 10.697000 11.714102 11.909489 13.905086
6.893914 7.412385 7.635250 7.822796 8.075159 8.856796 8.920856 11.856594 14.373833 14.944061
5.277400 6.750529 7.275147 7.905891 8.501364 9.641798 12.457822 13.002706 13.834585 13.866131
7.291479 8.051573 8.662537 10.465237 10.477194 10.702289 10.865942 10.984440 12.136360 12.205014
6.412691 7.471557 9.196209 9.745761 11.176520 11.218863 11.271039 13.541517 14.191827 15.620398
7.447339 7.707679 9.943927 10.261107 10.313939 11.952945 12.197593 12.466521 13.302902 13.469992
6.371616 7.290255 8.641217 8.934489 9.759521 10.119048 10.786265 12.384563 13.499216 13.753528
7.283198 7.456261 8.203398 8.589323 8.832611 9.322210 11.046876 11.077245 12.912532 13.696375
8.960826 9.242530 9.427124 9.951651 10.599183 11.005781 12.908921 13.588063 13.921824 16.903281
5.121988 7.596468 7.975835 10.165057 10.368333 11.272609 12.582170 12.688185 13.427410 13.690028
5.238598 6.879837 8.853487 8.919343 9.388531 9.440352 9.465741 9.628861 10.566406 12.292885
4.607495 5.248206 8.126779 8.574266 9.628594 10.276901 10.484068 11.643671 12.643594 13.071555
4.657219 4.828880 9.767087 9.768082 10.047403 10.860114 11.171005 11.602238 12.359798 14.384699
2.475373 6.089247 8.828969 8.920676 9.096843 9.414388 9.972885 10.374736 11.895615 12.505614
5.507427 6.397504 7.761859 8.910436 9.048047 10.045719 11.322105 11.380355 11.553239 13.413528
7.216648 7.497082 7.878367 9.181513 9.497711 10.019563 10.442487 10.893727 10.929820 12.969153
7.333741 7.670586 8.134416 8.563197 8.605141 9.471989 11.635523 12.816546 13.469760 17.123733
5.814001 7.682613 8.538730 9.551460 9.728750 12.156479 12.996469 13.010912 13.594060 19.112516
2.723856 6.480446 8.519998 8.657422 9.900651 10.250583 10.978080 12.235203 13.030039 14.009507
4.915570 7.838666 7.929286 8.857285 10.326301 11.169993 11.846607 12.344347 12.420098 12.995535
5.024057 6.641917 7.352433 8.380266 10.147562 10.685290 11.522342 12.146417 12.625195 14.208607
5.879863 7.136594 7.462312 7.894726 8.069662 8.743653 9.271766 9.509196 12.124818 14.151710
5.393115 6.649200 9.339126 9.623831 9.860275 10.097194 10.816809 11.350535 13.712085 14.403890
7.040061 7.658709 7.877269 8.944103 9.737099 10.949168 11.045679 11.241060 11.774260 15.213592
4.674407 5.699951 8.123496 9.706076 10.211559 10.528654 11.091722 11.776248 11.866270 13.560957
4.206404 4.999310 9.408061 9.807989 10.221468 11.597635 12.345071 12.914711 13.592094 14.093774
5.911470 6.923073 7.332170 9.023536 10.004625 10.756541 11.953394 12.216352 12.332420 12.710960
6.505572 6.597539 6.782589 7.900430 7.964005 8.522399 9.557756 9.831902 10.691867 12.412261
7.656860 8.226803 8.715667 8.917042 9.229007 10.590126 10.706573 13.018506 13.186632 13.316094
1.956256 5.137606 8.633880 8.704894 8.942936 9.558557 9.903225 12.639491 14.638887 16.980781
5.073243 6.375350 6.470263 6.714016 7.406370 7.911729 10.403348 12.551712 12.583442 12.844410
8.476779 8.749562 8.874001 9.070028 9.289675 11.363498 13.393715 13.925026 14.732183 15.113097
1.493372 2.860583 6.857036 9.746969 11.413314 12.190929 12.306116 12.674238 13.606461 13.785199
7.205861 7.493425 8.698836 9.539954 10.537937 11.212385 11.711014 11.818980 12.968437 14.893408
2.951691 6.143037 8.360931 9.347646 10.005119 10.532898 10.791449 12.638286 13.358499 13.852633
6.080301 7.598284 8.032315 8.222435 9.156828 9.797823 10.146832 10.891304 11.827111 15.683282
8.517960 8.671909 9.600283 10.810099 11.316570 11.552502 11.975890 12.912046 13.292640 14.593952
2.809693 4.404415 5.978920 8.898347 10.782360 10.861954 11.681945 11.774803 12.200154 13.068391
5.752686 7.377762 8.073279 9.963977 10.008197 10.991192 11.055345 11.137402 13.134967 15.008388
1.850760 6.890476 7.810247 9.081977 9.634259 10.389053 11.315060 12.194047 14.018750 14.311642
6.437440 7.237467 7.822451 10.411971 10.524878 10.916628 11.405675 12.627012 12.828735 14.082990
1.481517 6.936583 6.970809 8.831448 9.141934 9.710545 11.721936 12.464299 13.884631 17.473164
7.038017 8.715764 9.253403 10.174220 11.736952 12.203426 12.433021 14.660897 14.802100 15.880814
7.079656 7.413638 7.859718 8.963891 10.464740 12.341815 12.376226 12.970673 16.084897 16.461172
7.114045 7.805443 8.575554 9.228419 9.234739 9.386731 10.683086 11.061992 12.049652 14.256989
0.964206 3.957445 7.718615 8.085860 8.168773 8.791462 9.162408 9.499491 10.558277 11.133181
3.700515 4.488404 7.271569 10.136038 10.845055 10.962002 12.070781 12.852866 15.072413 16.953810
6.991377 8.056635 11.178196 11.280783 11.294595 12.342679 12.541952 13.485480 13.665670 14.728271
6.533228 6.734379 9.015016 9.187651 10.619794 10.977431 11.548133 12.737743 13.097443 14.965934
4.628340 6.812497 7.173695 8.552713 10.555083 11.211077 11.409469 13.396194 15.093567 15.200535
5.407415 7.551796 7.677108 9.435365 9.501803 10.361343 11.952714 12.410511 12.439782 13.131301
7.872262 8.707782 9.923026 10.709803 11.123911 11.158653 14.908970 14.973692 15.588698 16.319105
5.747454 6.191349 7.098068 7.379628 8.195021 9.109032 9.396479 10.006132 11.865468 14.991754
9.186701 9.760253 10.022167 11.012503 11.057627 12.597032 12.602470 12.936239 14.041084 14.726115
3.200586 4.681409 6.699302 7.558297 8.822131 9.828581 10.706070 11.396310 13.745736 13.853883
7.387344 7.540883 9.275204 10.024070 11.718134 11.831924 12.370096 13.124168 14.011947 15.757440
4.928005 8.913762 9.715833 9.783805 10.492235 11.528521 11.906273 11.934428 12.478545 14.579829
3.673945 6.299872 6.464921 8.432136 8.563767 9.961475 10.898955 11.236334 11.433151 14.084309
5.905454 7.667569 7.831096 9.601847 11.714610 12.633213 13.772407 13.927018 14.046166 16.562849
3.953682 7.073559 7.076237 9.467461 9.659720 10.803898 12.725201 12.880337 13.448114 13.809004
6.024532 7.250095 7.949105 8.980194 10.886875 11.643209 11.759376 12.817426 14.701853 17.226206
4.285322 8.533795 8.763122 9.025942 9.727930 10.694114 10.822788 11.180004 14.156854 14.822488
4.332424 6.562847 8.271324 8.658624 10.622690 12.445702 12.488372 12.586927 12.602477 18.734126
5.881059 5.928793 6.630053 7.394438 7.882168 7.889124 9.129553 9.160335 10.457107 10.794409
4.837652 5.938104 7.227147 7.646909 9.007617 10.014333 11.422891 12.323440 14.641552 15.307764
5.286649 5.431877 5.880251 6.419932 8.297367 8.568211 8.796082 9.975967 11.738799 12.340002
5.891330 7.879170 8.097091 8.453074 9.111005 9.265380 9.594822 9.928888 14.494850 14.977403
7.125669 7.444390 9.390799 9.440976 10.909211 12.076722 12.151409 12.385861 12.587635 12.602770
4.704177 5.640370 7.496768 7.928567 9.547327 11.790654 12.783561 14.065954 15.719694 15.774050
4.508170 5.868779 7.851788 8.058116 8.716667 9.490070 9.930299 11.388856 13.325989 13.787185
7.637932 8.094455 10.275701 10.395088 11.048744 11.657364 12.977957 13.048630 13.967869 14.204096
1.036196 6.735212 9.249616 9.419121 10.865568 11.054242 12.488554 12.510346 13.494432 15.666781
3.627391 5.381491 9.021175 9.738366 10.069345 10.329960 11.187688 11.692927 13.964038 15.476388
8.520744 8.749942 9.452298 10.586223 10.614792 11.257894 11.267305 11.292815 13.828217 15.484316
7.304805 9.184394 10.767677 11.029166 11.608135 12.118047 12.260056 12.813488 13.772429 14.058391
2.606805 5.952755 7.801561 9.438284 10.321092 10.543353 11.852439 13.303406 15.516136 16.719446
6.952606 8.784346 8.923612 9.128070 9.459737 9.941737 10.397447 10.824871 11.438258 11.976823
5.988032 6.403012 7.201883 9.001867 10.446591 13.789134 13.946395 14.038049 14.450323 16.499998
4.802637 6.673860 9.727908 9.928935 11.198936 11.331208 12.006473 12.249596 12.469521 13.743765
4.190951 8.430168 8.509661 8.746265 9.337748 9.643329 10.006566 10.605316 10.862959 11.454217
5.603662 6.097502 7.853067 7.960737 9.134808 9.659868 10.046686 10.384011 11.238736 15.656850
5.510804 6.176119 7.786482 8.455863 8.463847 9.259242 11.510626 11.774504 12.389083 12.778046
7.143046 8.257542 8.387953 8.487884 9.987514 10.773411 11.625744 11.651270 12.251796 14.113924
1.921405 5.228255 5.633523 7.127612 7.275668 8.019210 8.533497 9.227764 10.718699 11.443866
1.406662 7.065928 7.154839 8.578811 10.019885 10.734920 10.764975 12.208453 12.916329 14.293138
6.123342 7.121242 7.610725 8.713239 8.804041 9.230722 9.494639 10.160932 10.877741 13.607081
3.797863 6.170121 7.191333 8.228585 9.913501 11.197559 11.856132 12.243640 13.425880 14.556713
1.222510 9.400360 10.021116 10.354881 10.406508 11.229769 11.597844 11.958771 13.338179 13.631109
5.904190 6.972597 7.416915 7.615485 8.111911 8.626680 12.580681 12.662608 13.462032 15.985213
3.726469 5.406059 5.648796 7.825993 8.070688 8.151747 8.668527 8.894019 11.045305 11.791061
3.763817 5.882202 7.595572 8.483592 9.102675 10.992768 11.866728 14.161655 14.751079 16.325372
2.304465 7.335868 8.616492 8.687465 9.440860 10.542396 10.988405 13.481094 13.885103 17.811347
3.916227 6.031571 6.247451 8.825832 8.959481 10.779125 11.240442 11.820237 13.948835 14.520400
4.854630 5.750165 6.893311 7.868814 8.489472 8.988304 9.272567 9.909859 9.991348 10.688170
5.143858 5.842587 6.635425 6.907984 10.721470 11.330286 11.785577 11.868897 12.120808 16.214730
6.763954 7.183169 8.465343 9.339312 10.378155 11.052650 12.033851 12.521552 12.852922 14.494276
5.216039 8.286469 9.137468 9.335267 10.382041 10.732394 12.758385 13.111255 13.823513 15.051179
3.334457 5.452277 7.466958 8.846333 10.813478 11.584128 11.776600 12.260096 12.700768 14.502264
5.635984 6.710095 8.075104 8.250737 8.587504 9.795226 11.120049 11.551010 11.654948 11.899241
6.503843 7.470942 7.496963 9.384049 10.811807 10.815644 11.218160 12.114286 12.129352 13.592212
7.245279 7.637006 7.848381 8.285630 9.844086 9.942495 11.568859 11.637661 11.880232 14.775921
7.290211 8.460939 8.482009 8.552368 10.184025 10.717224 11.373734 11.511166 13.349769 14.270712
-1.512922 5.678498 7.887383 8.176936 8.359492 8.674887 10.137585 10.276728 11.746631 12.651912
7.052871 7.826702 8.213288 9.049904 9.639835 11.267777 12.496303 13.787455 14.069145 16.494088
7.124593 9.359990 9.377608 9.785339 10.751562 10.888624 12.807058 13.084964 13.526489 14.424265
-0.522401 4.797084 7.866960 8.112863 8.345305 8.734848 9.832735 11.054893 12.855341 13.918648
6.978809 7.416815 7.547337 7.781662 7.908042 8.140619 9.066613 9.793947 10.860968 12.218013
6.634724 7.607280 8.019026 8.799868 10.106408 10.635011 13.453918 13.618401 14.623618 18.731503
0.843238 5.309958 6.286176 8.410088 8.907911 9.219346 9.610731 9.703716 11.825543 12.158925
3.017945 5.410097 5.827739 6.899429 7.595868 7.900031 9.875427 10.443649 11.558070 14.038231
7.656531 8.599553 9.962382 10.813144 11.689511 12.039369 13.040509 13.706683 15.562523 16.012689
7.975496 8.584610 8.810745 9.211395 9.541930 11.356245 12.157350 12.295404 14.008024 14.190824
5.367709 6.749448 7.168542 8.139074 8.244104 10.206909 10.244273 13.305346 13.388900 13.798152
7.673218 8.065166 9.355711 10.242680 10.451909 12.682507 12.929632 13.399620 13.494653 17.280222
4.971952 7.068014 8.512677 9.253904 9.415146 11.322845 11.891611 13.019253 13.040942 15.518124
6.416069 7.284672 8.436684 8.526800 8.805948 8.982346 9.495760 9.724419 9.738484 12.805314
8.295558 8.521886 9.533341 10.159208 10.206429 11.079205 11.532277 12.119588 14.073242 14.728887
4.530824 5.037871 8.061349 8.546825 9.260460 10.301974 11.451462 11.826783 11.978578 15.694927
5.877570 7.797649 8.418667 8.677850 9.746900 10.234555 10.708509 13.594357 14.342801 16.428520
7.491906 8.336304 8.564270 8.773680 9.201781 9.530655 10.981997 11.805149 12.679470 15.070795
5.762051 6.282288 6.386979 6.741831 8.370698 8.486141 8.561636 11.175620 12.492507 12.580011
6.034602 6.546812 9.385603 10.494506 11.764847 11.863037 11.881568 13.732293 14.053857 15.974218
5.532996 6.226583 7.196135 9.102360 11.161859 11.286578 11.533213 12.323223 13.318822 17.233370
3.615171 5.770955 8.538592 8.745935 9.550288 10.203220 10.456055 10.724010 12.041916 16.567973
6.157198 7.369185 7.647110 8.241944 8.296959 10.244141 11.612272 12.474902 13.092786 13.909655
5.527733 6.117081 6.762948 8.745965 10.175628 10.581315 11.532590 12.102587 15.979000 16.885492
7.651736 8.415622 8.879110 9.377664 9.910946 9.985968 10.194491 10.640167 11.090295 12.705068
2.206021 9.503513 10.655815 10.670393 11.259693 11.323359 11.615911 12.212896 12.612499 15.875351
5.360937 7.805353 9.485632 10.064738 11.043518 11.207370 11.417703 12.112959 12.137871 12.828309
8.597047 8.689356 9.508874 9.634502 9.771906 9.862461 9.880003 11.232306 11.745779 12.636594
2.359098 5.647775 6.182685 9.146263 9.613967 10.199287 10.580308 11.249321 12.265716 14.173097
6.851409 7.471683 7.551546 8.561873 9.889396 10.223942 10.245620 11.117403 11.230530 11.554369
4.199922 5.863395 6.440078 7.335404 8.556722 8.997514 9.756932 10.867532 13.779116 15.263235
8.161031 8.477803 9.120566 10.523008 11.947601 11.977073 12.377637 13.037462 14.017740 15.007093
4.491476 7.038475 9.120347 9.257699 10.528200 10.562817 12.512399 12.530665 12.902276 14.388680
6.062439 6.136139 6.832534 7.306681 7.981510 8.014285 8.927299 11.175337 12.490214 14.714571
9.513781 9.536193 9.651780 9.903300 10.114055 10.381662 12.330560 13.200504 13.504529 14.095708
4.338871 5.281393 6.781731 7.234555 7.586498 7.891076 7.964802 9.980560 10.430282 11.889298
6.894169 8.842404 9.615275 10.151535 11.178408 11.319768 12.752621 12.882474 12.952768 14.258009
4.275380 8.371659 8.667930 9.839623 10.658414 10.691377 10.985841 12.808066 13.366033 13.702155
4.983251 6.775852 7.327187 8.013883 10.415818 10.913023 12.858357 13.832811 14.264714 16.427753
4.131058 8.178112 8.889306 9.293098 9.690561 10.615616 11.238100 12.208659 12.267824 14.603266
5.900664 7.292476 9.778480 9.840740 12.415057 12.852886 14.292276 15.847270 15.907999 16.606831
7.187470 8.404614 8.410836 9.113749 10.006050 10.702209 10.744410 10.974829 13.625528 15.817651
4.676694 5.858558 6.333176 8.111647 8.731898 8.756976 9.100836 9.938551 10.901773 12.533717
4.926227 8.315726 8.334849 9.530739 9.596124 10.268149 10.353248 11.068159 11.444456 14.377100
6.975407 7.850647 8.287303 9.455299 9.739171 10.488770 10.883973 11.671460 11.704192 14.459861
6.137991 7.305131 8.211804 8.617912 9.149775 9.384889 10.694138 10.781654 11.472473 12.880917
7.671031 7.775109 9.960045 10.016782 10.379939 10.615940 10.914893 12.372934 13.586039 15.353321
5.738171 6.991959 7.484740 8.412116 8.676596 9.851076 10.542241 11.591231 12.874966 13.830929
2.606441 7.527116 8.503221 8.616491 9.575206 9.655472 10.027267 11.478888 12.260605 14.364193
6.439295 7.047773 7.388521 8.117272 8.482285 8.646249 9.320997 9.621335 12.531440 16.236276
5.377184 7.292733 7.735823 7.951812 8.191676 10.476266 11.069123 11.302091 11.307904 12.930277
3.139561 5.889070 6.288158 7.508371 8.163615 8.844063 9.619091 10.445131 11.802983 15.464173
4.901236 5.571543 7.435483 9.208693 11.096974 11.139033 11.152859 11.465693 12.028785 13.439027
1.035866 2.066072 6.687646 6.689603 9.646156 9.943851 10.672342 10.782522 13.039699 13.427913
6.571162 8.014672 8.054451 8.210919 8.996255 9.160092 11.024569 12.252736 12.469427 12.882966
5.119755 5.288541 6.699605 7.722752 7.934057 8.406602 9.776436 10.538147 11.026287 16.506719
6.562891 8.174602 8.925963 8.984494 9.761108 9.992067 11.685675 12.377173 12.615681 14.546892
8.774148 9.008284 9.332113 9.364264 10.008215 10.112876 10.593051 10.897459 11.985747 12.513120
8.252020 8.790243 9.696795 10.382843 12.159911 13.172232 13.961955 14.001428 14.236056 14.892760
3.765848 6.951740 6.973366 8.017678 9.314570 9.932340 10.021476 13.240443 16.641839 19.950149
4.847529 6.404063 7.141786 8.758041 9.808178 9.986063 10.194340 10.582838 10.612139 14.846229
4.927038 7.296744 10.085195 10.102254 10.319566 10.794790 11.170662 11.618226 11.932022 13.646120
3.398938 5.357066 7.360450 8.376922 8.833253 11.005084 11.364396 12.124177 12.536407 12.613630
5.535792 5.709048 7.576101 7.763416 7.765447 8.842558 9.602485 10.702358 12.328395 12.897313
6.514414 8.447098 8.470157 10.000137 10.451768 12.282775 12.555868 13.235344 14.882738 17.327515
5.191332 6.427669 6.901158 8.537498 9.150512 10.625837 10.649159 11.679119 13.953299 14.248452
6.587765 8.055773 8.208257 8.257207 9.699700 10.265796 10.785240 11.506614 11.619548 11.633399
6.050673 7.250235 8.487921 10.415960 11.091834 11.145134 12.328304 12.685996 14.608423 17.267460
5.653547 6.304101 8.404052 9.677279 9.795087 10.335223 10.542074 11.668987 12.338871 14.209250
4.709393 8.363939 8.658624 9.059616 9.147122 9.994004 10.165438 10.338500 10.907822 14.443570
6.907210 7.995100 8.514164 8.616292 9.055877 9.183153 10.093131 13.848108 14.527734 14.543357
5.711068 7.803117 8.238818 9.131802 10.785855 11.059292 11.810146 11.887955 12.928229 14.324928
6.434724 7.100191 7.392584 7.393918 10.406511 11.170643 11.742634 12.223117 12.275079 13.891064
3.507128 4.947189 8.183849 8.496415 9.223858 9.954584 12.563009 13.453550 13.575993 13.725956
5.817564 6.766897 7.033702 8.139393 9.105441 10.090208 11.198083 11.655451 14.996780 16.829176
6.542204 6.945604 8.407680 8.944241 10.293010 10.424714 11.848021 11.850644 12.093601 15.697224
3.336210 6.448865 6.838177 9.310817 9.737507 11.078995 11.544796 13.232741 15.932745 16.717076
6.763544 8.806343 10.140259 10.412823 11.087640 11.092777 11.551401 13.263721 15.295874 17.505832
5.800706 7.392505 8.242506 8.466932 11.612763 11.936739 12.178793 12.351033 14.266638 15.245244
1.580527 4.332299 8.197579 8.294911 8.522083 8.922263 9.969053 10.858663 14.245912 15.458981
5.169322 5.859789 8.498155 8.719629 9.572443 10.292553 10.851969 11.649769 12.789666 13.470604
6.602290 6.939338 6.997785 8.538001 12.867221 13.515716 13.873479 14.038303 14.154585 14.828708
3.480112 4.467954 4.659314 8.515844 9.181513 9.592328 10.168987 10.870219 11.045648 12.002239
4.661210 6.941762 8.015053 8.205753 8.840040 10.830965 11.496167 11.742756 12.608264 13.186497
5.163523 7.093211 7.920568 8.109038 8.333855 10.838590 11.705076 12.465124 12.798169 15.952002
3.597594 6.146326 7.666916 7.985302 9.418001 10.829993 11.058432 12.318871 12.942831 13.760988
3.643706 6.146490 7.389062 7.432669 8.469742 8.781217 10.916815 11.403849 11.413770 14.755548
6.758588 6.901266 7.646043 7.665137 8.699002 9.736636 10.796635 11.572834 13.669734 15.065127
4.888837 6.175186 7.156406 9.089670 9.802380 10.538370 10.704907 11.779390 11.829407 14.189902
4.851111 4.871958 5.555882 7.530113 10.331597 10.884147 10.905020 12.958010 14.756337 16.344565
5.423981 6.962699 7.556389 7.563555 8.409326 9.741011 9.795225 12.456507 12.470817 13.186701
4.483598 5.068068 5.830431 6.135287 6.888783 8.551674 9.772936 10.007321 11.998962 14.955440
4.092344 4.609560 5.496558 5.640102 6.746867 7.527324 8.827232 8.988896 11.636775 13.547744
7.620157 8.942283 10.513915 10.764996 11.105911 11.272058 11.965489 12.835274 13.992500 14.506228
6.743855 7.538596 8.191070 8.224844 9.706377 10.026072 10.122657 10.607162 11.043595 14.613811
4.071452 5.711250 7.333589 9.011622 9.062750 9.221405 10.189325 11.091922 11.127031 14.995236
6.214569 6.930658 7.767467 7.775822 8.051902 9.536622 11.182606 11.854891 12.634194 14.838467
6.260005 6.348034 7.677874 9.768511 10.112879 10.295791 12.113644 12.144751 12.318613 12.757131
5.633732 7.507562 8.304082 8.747047 8.777251 9.845752 10.089720 10.312128 11.470681 16.924196
3.672611 6.973599 7.612142 7.887771 9.164050 10.415437 10.454026 11.356306 12.167874 12.341371
7.029782 8.281133 8.933335 9.657201 10.511447 11.621099 11.813548 12.126110 12.509152 14.926914
7.228875 7.294057 7.443108 7.864560 10.769262 10.995700 11.498613 11.816880 13.531126 15.906895
6.255391 7.251060 7.611258 9.112265 9.990981 11.002022 11.689318 11.718056 14.103853 14.738212
4.522947 4.718745 9.078819 9.345218 10.218497 11.232505 11.753699 11.774572 13.013359 15.687828
3.510981 4.363554 4.789716 5.752708 6.925694 11.521109 12.628871 12.741752 14.332255 14.762731
2.135092 6.616601 6.693525 6.991073 9.898036 12.942315 13.355795 13.399311 13.574124 14.361973
6.214375 6.828228 7.538524 8.653962 9.206752 9.721769 10.715155 10.834867 11.407588 14.013580
5.388274 6.031966 6.141772 6.480470 7.408618 8.633271 8.718510 9.512129 10.448868 12.038683
6.659449 6.941800 8.566336 9.193580 9.739736 10.260907 10.281437 11.500769 11.639774 15.344139
5.437110 7.580064 9.006215 9.084884 10.478158 10.804168 11.435638 11.820731 16.257598 16.611360
5.813860 8.121739 8.307484 8.564801 8.906019 8.956831 12.523498 12.822017 13.131523 13.507898
6.261833 7.652058 7.930935 8.667912 8.698712 10.045925 11.696453 11.794552 12.203618 12.522495
6.532105 7.073905 7.437887 7.647815 8.186956 8.464502 8.859687 11.340014 14.304095 14.439020
7.645058 7.981836 8.722281 9.175504 9.476134 9.828721 10.373433 10.476225 10.975873 13.118614
7.095519 7.730168 7.838728 8.200409 8.231399 9.503717 10.116266 11.572105 12.931488 16.185558
3.756655 4.920066 8.058248 8.231256 9.648079 10.934656 12.385673 12.395188 15.067607 16.787503
9.553171 9.623108 9.717286 9.901071 11.184166 11.189525 11.200539 12.085036 13.208982 14.203433
3.743856 5.760046 7.099615 8.839970 10.098613 10.356328 10.499587 12.360198 14.270108 15.955923
2.289253 6.976744 7.371233 7.490938 8.490657 10.069619 10.868267 11.509025 12.932489 14.650465
5.030815 5.511781 7.579323 7.936520 8.946071 9.192701 9.636195 10.062731 10.292180 10.993290
4.576675 6.433709 7.682829 7.866265 8.927634 9.166625 9.701426 11.085687 11.477817 14.213869
6.567802 6.975202 8.832492 9.486516 11.406564 11.756838 11.906062 12.383011 13.996966 15.575705
5.773315 6.134049 7.693450 7.726624 7.892242 8.263288 10.644253 10.688290 10.977269 13.384130
8.923885 9.025316 10.286816 10.417998 11.425334 11.527234 11.748144 12.030201 12.435196 13.760919
8.287634 8.375352 9.781384 10.683949 10.825463 10.946372 11.228240 11.584004 12.224593 14.312903
6.319647 9.662254 9.838441 10.373988 10.930566 11.873449 12.654638 13.046073 13.615552 16.052531
5.098115 7.339440 7.797208 7.805638 11.220807 11.557681 12.035414 13.300260 13.805969 15.859472
2.612651 8.170692 9.221559 9.525949 9.830946 10.336157 10.732475 10.785069 10.953736 11.874273
6.123187 6.196529 9.491821 10.831649 10.877512 11.066772 11.888188 12.526138 13.600089 15.702305
10.092008 10.622955 10.897330 11.187435 11.288176 11.839184 13.667631 14.667818 14.689539 15.433862
3.325037 7.925870 8.281284 8.711979 9.547730 10.167758 10.624274 12.037257 13.233271 13.379385
7.430761 8.292450 9.517721 10.752949 10.929102 11.532827 12.310630 12.734671 13.340339 14.363802
8.516415 8.689922 8.840938 9.075870 10.451987 11.651576 12.204927 12.750572 15.584970 17.878436
8.159594 8.236176 8.378646 8.601030 8.902874 9.404788 11.288128 11.336947 13.520746 13.790812
0.610178 2.300824 7.974878 8.806747 9.226673 9.797523 10.039079 12.768691 14.412558 14.743881
5.878269 7.819996 8.886916 9.470874 9.852397 10.327626 10.783867 14.212548 16.109537 16.367789
6.402569 7.070026 7.725199 8.238743 8.611261 8.728405 9.585497 10.125096 11.342509 13.809928
5.162130 7.929106 8.565008 8.627989 8.651613 10.281612 10.432811 11.567771 13.165663 14.186444
7.584294 8.654697 8.980393 10.064196 10.094080 10.108120 10.235942 11.670284 12.149736 14.673575
8.087048 8.573209 9.648667 10.088558 10.354685 12.039527 12.075115 12.685033 13.507535 15.401480
5.354657 5.522692 5.815763 8.098595 8.922969 9.541072 10.487002 11.922260 12.320322 12.882873
6.898221 8.475171 9.477827 10.357443 10.472461 10.770355 12.511785 14.113712 14.683591 14.869289
8.024851 8.151485 8.400976 8.415787 10.023953 11.601562 12.022254 12.089157 12.552864 15.184111
5.133908 6.757665 7.266651 7.384538 7.857559 8.254851 8.474340 10.739902 11.044379 11.940453
5.899859 7.493738 7.812077 8.862496 8.909425 9.324423 9.900377 9.911210 12.430566 13.757811
4.841865 7.938387 8.574987 9.220278 11.842286 12.462972 12.694612 13.340436 13.597615 17.879276
1.749000 4.148818 6.258309 8.622776 8.704490 9.173256 9.382360 10.848596 11.576288 14.003503
6.579403 6.648795 10.095466 10.244663 11.205354 11.377912 11.471524 11.829726 13.899352 21.575451
3.629578 5.465999 9.192974 9.355350 9.984707 10.708461 10.771757 12.870616 13.119346 13.650665
3.695035 4.165195 5.320495 6.625992 8.053435 8.341046 8.583207 8.749125 9.989110 13.396967
5.804384 6.907879 8.577314 8.744448 10.960376 11.112946 12.222034 13.728127 14.204430 17.595781
5.737314 6.309677 9.535922 10.154617 10.462191 10.955337 11.003733 11.757432 13.759624 14.929814
4.849225 6.088499 7.330866 7.367955 10.298170 10.876323 11.127617 11.289007 13.593882 13.706454
3.857699 7.055799 7.459534 9.237994 10.079987 10.112568 10.880574 11.346781 11.509199 13.867092
5.053944 6.821998 8.393377 8.889160 9.079518 10.565615 10.592225 10.643357 14.900652 15.556938
3.513685 4.226826 5.917207 7.723449 10.544223 10.702260 11.173120 11.367255 12.541839 15.242405
8.180934 8.939935 9.417041 9.745877 11.105331 12.257342 12.946266 13.278848 13.545696 13.684144
4.734715 7.613564 8.423440 8.976532 9.065778 9.404686 10.923720 11.262466 11.292580 17.541390
6.559364 7.017429 7.282993 8.690845 8.812677 9.170616 10.303771 13.522514 13.675807 15.183616
7.217946 7.509010 8.510374 8.768363 9.930571 10.479062 11.224817 11.642773 11.948243 15.256280
3.086026 6.448310 8.890384 9.500284 10.403252 10.488970 11.177415 11.598793 15.614930 16.953305
3.403260 3.717454 7.384122 8.642864 9.065462 10.816971 11.404187 13.166921 13.767267 14.578714
3.593739 4.439546 4.776661 6.141791 6.895031 9.441610 9.490276 9.567191 13.234215 15.725105
6.517155 7.279476 9.576500 9.686467 10.107554 11.073305 11.617593 12.176595 12.861481 19.115751
-0.060102 6.175236 9.467991 9.503982 10.158989 10.264432 10.539057 10.721085 12.931965 14.886696
7.229446 7.815897 8.612250 8.683603 9.318330 10.848103 11.012219 12.401514 12.442027 14.047124
5.248604 5.909356 7.076309 8.799319 9.349031 11.446792 11.613893 13.244205 13.580366 18.036122
6.334107 8.238451 8.310251 8.985902 9.310334 10.159566 10.902848 13.952030 14.665221 16.753865
5.087057 7.168736 8.020694 8.129425 10.608442 10.991101 11.650303 11.655845 13.153407 13.184259
7.010864 7.175399 7.820080 8.372767 9.782255 10.239110 11.297200 11.559480 13.010605 14.629878
6.118605 7.742476 9.328115 9.557129 9.862108 10.452599 11.569151 12.133017 12.868357 13.666792
4.885396 5.303906 6.532738 8.534980 8.934129 9.762353 10.963626 13.448999 14.860309 15.276200
3.449978 7.328999 7.675605 8.368591 8.494343 10.157139 11.404623 11.481716 12.411289 13.293236
3.612715 8.368093 8.486193 11.105206 11.145159 11.292223 13.056180 13.226835 14.634001 16.159654
4.204990 4.210067 6.342230 9.474008 10.396097 11.570280 11.755076 12.358666 12.613558 12.993675
3.315831 6.406743 6.859680 9.172628 9.921253 11.093285 11.276892 13.917412 15.824416 17.631763
5.823361 7.382672 7.391913 7.442639 8.990605 10.163922 10.268580 11.136448 11.770268 11.902331
7.295601 7.654574 9.241532 9.657254 10.173124 10.247094 10.636294 10.672330 11.379933 11.997669
6.628278 8.064413 9.045078 9.199990 9.664026 9.815479 11.117618 11.650132 11.795892 16.728098
5.170446 8.337571 8.845284 9.058717 9.382593 9.462559 10.773427 14.183405 14.273408 15.368746
6.942432 8.213164 8.793370 8.892067 9.120671 11.647809 11.882209 11.946746 13.626174 14.060343
5.253274 6.010142 7.348300 7.452697 7.771868 9.470023 10.396706 12.755153 13.904184 14.877553
2.437228 5.726868 6.258746 6.503653 8.361412 9.083081 10.930341 11.552983 11.761904 14.128604
3.353283 8.309447 8.546805 9.178953 10.360217 11.241021 11.362047 11.783172 13.553159 14.933808
4.748195 7.336964 7.529697 8.150514 8.502451 9.617605 10.292702 14.163093 14.908012 16.273098
5.839246 6.290730 7.949337 8.286045 9.461423 9.682974 9.723232 10.166449 11.923045 14.760173
4.860924 5.729974 7.893982 8.085243 8.608668 10.654944 11.080680 11.778061 12.968384 13.018825
5.830077 8.248066 9.144393 9.596888 10.483073 11.564443 11.868318 11.886518 12.418555 12.970906
6.058736 6.111358 6.452042 6.681006 6.992154 8.279932 10.112554 10.939690 10.954642 11.455971
3.663193 5.275313 6.838321 7.861302 8.262658 8.378346 9.718601 10.113995 10.512306 14.628701
6.673971 7.396482 9.667102 10.145991 11.016117 11.195201 11.583696 11.686784 12.228148 15.684860
5.475891 7.080806 7.518483 8.286654 8.361983 8.434729 9.435640 10.067451 11.454888 13.225799
6.614988 9.316801 10.414581 11.548176 12.102977 12.888996 13.415048 13.668662 14.497878 14.724617
6.226124 8.470282 8.673905 9.324726 9.800289 9.904931 10.547340 10.678568 11.715466 15.345233
6.974212 9.905314 10.133596 11.062631 12.380577 12.459864 13.078345 13.373189 14.527656 15.715613
5.250610 8.498965 8.501004 9.205289 10.827658 11.036103 11.609461 12.253627 12.353229 15.426116
6.727253 7.091764 7.723206 8.082637 8.732070 9.295118 9.492802 10.187889 11.731165 13.374746
5.673311 5.771008 7.083430 8.495253 8.608099 9.092309 9.157546 10.744172 12.317593 13.420927
4.593132 5.888762 6.802898 8.051806 8.280687 8.870169 8.972083 9.497336 10.682344 12.535064
7.387682 8.404284 8.555134 9.413835 10.477310 10.588438 13.718406 14.522398 15.031177 16.346431
6.552181 10.496925 10.998587 11.840263 12.403279 12.658168 13.473454 14.880868 17.444114 19.421600
3.526969 6.468272 7.945284 8.130485 9.758940 10.129924 11.397361 12.164725 15.260458 15.262722
6.056800 8.142751 9.391271 9.806134 10.518842 11.224009 12.069852 12.316151 13.907627 14.305822
4.683301 5.762215 7.289877 8.656615 9.302137 9.569490 10.238146 10.779356 11.407734 12.569313
6.274084 8.836631 10.148855 10.518002 11.987211 12.008798 12.100389 12.170668 13.637079 13.773945
7.145576 8.881292 9.251956 10.838071 11.037700 11.226816 13.162974 13.714201 15.379414 16.535638
6.380622 6.461276 7.358538 8.282720 8.802464 9.742835 9.900984 10.001414 12.417495 16.367203
5.797332 5.929200 7.092642 8.765527 9.694148 10.995715 11.706475 11.996139 12.110798 13.399772
4.771462 7.515746 7.969465 8.571661 9.545355 10.549694 11.230328 13.722384 14.050829 15.161897
4.030167 7.842288 7.960298 8.257193 8.984159 10.410463 11.294075 11.704101 13.243834 14.789162
2.758858 3.027586 7.913986 10.493536 11.484817 11.620607 11.832891 12.595768 13.111295 13.562336
6.285026 6.583712 7.783217 9.287613 9.519121 9.891645 9.920729 10.068636 10.692118 12.293373
4.590780 5.672532 6.246283 8.927903 9.123092 9.307614 10.139719 10.162854 12.000449 14.566394
2.616672 6.927584 10.129753 10.164262 10.444190 11.087470 11.963229 12.199594 13.294954 13.519047
4.844967 7.566272 7.683675 8.987012 10.638208 10.698276 11.770639 12.119909 12.172211 12.873843
4.035586 4.336082 5.192780 8.913599 10.231249 11.715377 12.118997 13.869942 14.271495 16.947740
3.413422 5.359303 8.133772 9.737896 10.011989 10.205692 11.480063 11.517739 14.495132 15.941793
5.768208 6.480241 8.716951 8.772519 9.723131 9.952700 10.550015 11.408419 11.798769 13.001012
6.420702 7.132628 7.984654 8.403018 8.642755 11.730343 11.948657 12.730881 14.725629 18.590381
7.278530 8.227531 8.979658 10.028361 10.036720 11.312527 12.188004 12.380930 14.343030 16.231096
7.086002 7.926926 8.626825 8.926010 8.939192 9.633400 10.405417 12.657864 12.955349 12.987193
6.451044 7.228553 8.534634 8.732323 9.299810 10.966323 11.491795 11.642392 11.865505 14.106417
6.813638 7.463465 7.567236 8.605625 8.976578 9.298505 9.541700 10.231696 13.460480 13.995149
4.818151 6.000958 6.388927 8.586420 8.646582 9.848190 9.907262 10.154309 11.685273 12.092386
7.313512 8.682214 9.183342 10.467201 11.153546 11.527360 11.585475 11.616101 12.467638 14.765852
6.614650 6.735065 10.138039 10.625813 10.922448 10.935452 11.226533 11.664385 11.935062 12.160274
5.164670 5.527090 5.535954 6.546499 8.647189 11.657338 13.859865 13.893219 15.252604 15.826339
6.311773 7.070423 8.370522 11.086629 12.225576 13.577359 13.879758 14.244698 14.729396 16.074362
4.221656 5.407597 7.433551 7.644022 8.668338 9.561088 11.834333 13.708257 13.972297 15.856081
5.683445 6.504421 6.741809 7.552771 8.671766 9.016694 9.033259 9.425571 13.611569 14.625367
1.893832 2.003822 6.190356 8.257614 8.879408 10.029574 10.288744 10.668388 12.225534 14.329718
6.683711 7.118135 8.403105 8.958743 9.604505 10.022180 10.761038 12.366426 13.156711 13.333117
6.508905 7.217632 8.488170 9.270323 9.881066 10.331804 10.869330 12.096505 12.499370 12.600793
3.400061 7.492184 7.625271 9.046696 9.658848 10.160528 11.482504 11.630289 11.631277 14.434626
8.079223 8.188901 9.364037 10.677435 11.017814 11.224186 11.796772 12.308365 13.123862 13.548107
1.378721 7.622102 9.158702 9.887891 9.937655 10.369806 10.392320 12.125884 14.577903 15.034841
3.059187 5.226249 8.871703 9.209609 9.220577 9.839524 10.781103 10.942151 11.723465 13.098077
4.155110 4.221910 5.749869 7.041891 7.864238 9.377730 9.431961 10.494451 11.350589 13.203260
3.816776 5.785152 7.284768 9.622116 9.816227 9.825966 9.896169 10.002353 10.697873 12.733631
3.712018 7.746405 9.384778 9.732856 10.147406 10.179398 10.784710 11.251245 12.277450 14.722052
8.169342 8.555057 9.720647 9.877163 10.377938 11.143566 11.214909 12.397889 13.540774 14.431848
1.918478 4.464657 6.112906 6.637613 6.756055 9.322728 9.996633 10.363450 10.967417 12.489764
6.868634 9.262966 9.416422 9.695817 10.953116 11.274175 11.474529 12.466977 12.664260 12.960572
5.156348 5.524061 8.627071 9.818556 10.171151 11.061626 11.705915 11.806832 11.919560 16.372445
4.343851 8.132043 9.111879 9.771380 10.317318 10.472767 10.720426 10.782753 11.129551 14.170664
5.797908 6.934001 8.211759 9.594211 10.559515 11.234412 11.609369 12.315113 13.096417 13.697022
5.815629 6.105758 6.366410 7.219917 7.626167 9.286515 9.374826 11.581487 12.738229 14.087521
2.978384 6.105870 8.245766 9.083404 10.209820 11.114525 12.004091 12.185543 15.508281 19.434110
6.450405 7.949954 9.346442 9.632838 9.654753 10.665829 10.721088 11.215879 12.318058 16.142040
4.400197 8.271795 9.840844 10.231969 10.491823 10.937823 12.423101 12.521164 14.328793 16.816110
6.969394 7.771072 7.860291 8.545549 8.689693 9.666444 11.166095 11.348664 12.227452 12.812379
3.418962 5.707014 7.271192 7.391250 9.308013 9.994064 11.525460 12.193174 12.252278 14.925954
4.774460 7.784459 7.836045 10.035439 10.800811 11.037022 11.207106 11.251889 11.834648 19.308452
7.881352 8.371288 8.475636 9.460977 11.566620 12.020256 12.636420 12.972350 13.959091 14.509296
6.817754 7.024300 7.176854 8.875361 10.755397 11.157278 12.195506 12.371193 12.678240 15.817140
5.931298 8.792038 8.854664 9.078789 9.962925 10.501711 11.806767 12.009233 12.243189 15.145957
5.623459 6.686762 8.391351 8.459849 10.188770 10.343568 10.941597 13.627733 13.731302 15.052124
5.237042 6.779188 7.004361 7.523673 8.779437 12.533561 13.113185 14.004150 14.226860 15.127980
6.101348 6.241997 8.856273 9.870634 11.096843 11.548789 12.211065 12.403098 12.423410 13.827524
4.806768 7.143768 8.192865 8.340814 10.744559 11.024284 11.636039 11.932130 11.959612 12.019489
5.215593 8.625807 10.527637 10.568991 10.758519 11.351095 12.186143 12.588078 15.143606 16.627464
4.662645 7.222674 7.424605 7.897624 9.347990 12.702957 12.940551 13.159060 14.108020 15.122144
3.235647 6.477056 6.897013 7.200210 7.817628 9.931460 10.014697 10.779358 13.487409 14.041244
6.679736 6.938403 7.281469 8.576403 8.717440 13.331048 14.925108 14.998317 15.252653 15.274332
6.352497 6.394266 8.155258 9.321444 10.160226 10.215769 10.668381 10.715738 11.099735 12.375483
4.779671 6.712371 7.980253 9.444381 9.837595 10.555989 10.627931 12.721402 14.805279 15.866132
7.005856 8.457812 8.924566 9.278473 9.738573 10.705298 12.469145 13.249114 14.051133 15.485223
4.927755 5.127939 6.151019 9.272226 10.974683 12.977987 13.329832 14.024043 14.463329 15.063112
6.171007 7.047927 9.050065 9.368417 9.554058 9.926588 9.993135 10.231471 10.313984 13.240534
5.950392 7.262806 8.032698 9.954696 10.098022 10.481601 13.456788 13.526062 14.571294 15.861979
5.839772 6.157185 9.106019 9.777221 10.171918 10.188255 10.489600 12.205026 13.453941 13.852863
6.435657 7.221553 8.485081 9.515545 10.564051 11.105379 11.582073 12.216882 13.875378 16.537793
4.814622 5.786937 6.264281 9.147086 9.602024 10.712088 10.733563 11.205642 11.497325 13.489427
6.585219 7.812807 8.426300 9.054996 9.261103 9.275605 9.386086 9.849275 11.854803 19.189136
6.577338 8.505959 8.915691 10.535787 11.886197 12.328171 12.437553 12.622814 14.659164 17.621763
3.599017 4.659420 4.676913 5.760428 9.804689 10.115936 12.289429 12.475644 12.785152 13.729975
1.367597 4.485002 5.233806 6.486722 6.550324 7.075857 9.550176 10.991376 12.367455 12.738084
2.788206 4.400927 6.987837 7.084784 7.130797 7.861719 8.539963 9.479029 10.001971 10.066519
3.765980 8.511812 9.568527 10.033136 10.069696 10.743473 11.089831 12.547176 12.664150 12.994659
3.139965 5.942506 9.390619 9.702889 10.057636 10.799668 10.942081 11.176051 12.543937 15.234029
5.877751 6.839897 8.815569 9.328657 10.483367 10.903906 10.918571 11.977288 12.938774 18.631853
3.741970 4.773844 5.287706 7.150973 8.256447 9.236445 10.071790 10.583555 12.505946 15.538208
5.543262 6.404201 6.456517 8.064620 9.401493 9.490334 9.913172 10.977144 11.994473 12.601264
4.080877 8.375216 9.760350 10.220390 10.370784 10.690968 11.617279 11.694504 12.563618 15.475903
5.481676 6.502859 6.713720 8.126002 10.023792 10.128925 10.349226 12.990336 14.427710 14.434216
2.507678 6.210408 7.844481 8.256257 10.106061 10.739404 10.825389 13.503806 13.614776 14.665333
6.481919 9.375932 10.034341 10.551538 10.703676 10.947924 11.269048 13.370516 13.411074 15.660005
5.878055 6.167522 7.622993 7.804454 7.902478 9.764678 10.787772 11.860935 11.960033 13.523418
6.501206 7.683702 7.927841 8.082288 8.673635 9.371967 10.161247 10.209146 10.356754 10.656601
4.848575 5.716104 6.463985 6.896960 7.843122 9.045409 9.647401 10.214948 10.934808 13.194187
6.604496 6.666314 7.143795 8.489598 11.113608 11.324876 11.675605 12.383780 12.434287 16.029508
6.388409 6.628022 9.150381 9.209581 9.482335 10.191559 10.545651 11.466001 12.127304 14.636359
6.901109 7.067324 7.408436 7.847144 8.299808 11.089834 11.826457 12.175204 12.577457 14.701147
3.750316 5.677855 7.513365 7.850575 8.397278 8.590808 8.848994 9.329384 10.456512 13.225163
4.875395 5.756165 7.406862 8.420155 9.115747 9.235504 9.720505 10.766553 10.987946 11.717290
1.358128 5.770848 9.226250 9.763407 10.163278 10.790686 11.011159 11.110136 11.975770 13.245530
4.927241 9.004556 9.253990 9.564626 10.832324 11.010012 11.728895 12.167744 12.626962 17.733971
6.901131 7.383555 10.633873 11.655060 11.710632 13.480023 14.561371 15.286813 15.334113 17.819073
0.745983 1.063469 4.934986 5.895701 9.882866 10.008450 10.106006 10.952628 12.936734 17.053332
6.108881 8.857671 9.190161 9.228482 9.668946 9.895325 10.329583 12.510008 13.542274 16.873177
4.997414 5.800177 6.480384 7.303200 8.719576 8.931975 8.990985 11.335822 14.186817 16.374619
8.736894 8.979039 9.107226 9.235613 10.298233 10.580018 11.529662 11.943188 12.074657 13.283047
6.301377 6.927577 9.268528 9.427606 10.392632 10.590104 11.226681 11.314029 11.708217 12.941410
7.061463 7.344760 7.472398 9.710385 10.415475 10.656083 10.737133 11.128789 13.928192 16.000669
2.986059 6.554609 7.826477 8.274771 9.252074 10.889146 10.980722 11.558014 12.486639 14.005657
5.006527 7.925238 9.013684 9.146989 9.962890 10.342033 10.611436 11.238060 11.316281 15.641286
3.032211 7.368950 7.700333 7.870643 8.704640 9.230652 10.107287 12.390885 12.524966 13.173811
5.990415 8.091159 9.585977 10.483795 11.431540 11.482358 11.719472 12.287033 13.251634 13.526993
1.835418 5.231883 7.094705 7.504050 7.965116 8.924979 9.553620 9.853545 13.679949 14.462462
3.832277 5.448498 5.844907 7.120221 7.819291 8.334135 9.836025 10.698569 11.246641 13.953934
5.675504 7.313226 7.525347 8.393341 9.324612 9.965142 10.619284 12.088142 12.822248 13.896078
6.889716 6.961196 7.600396 8.715380 9.157277 9.428957 10.214975 10.860255 11.919191 15.986170
6.662850 7.348607 7.683956 8.170538 8.288660 8.303467 8.564048 9.542826 10.034773 11.600443
8.762348 8.992923 9.642114 10.390245 12.431837 12.436076 13.030256 13.233307 13.798337 15.194224
3.163197 6.613335 7.464502 8.042882 10.729185 11.124426 11.644748 11.740035 12.239069 12.959387
5.865382 5.878808 6.472672 7.458931 7.941395 9.461395 9.486468 10.883414 12.695977 14.530090
4.260771 5.760119 7.345040 7.703979 8.444570 8.511472 11.379635 13.102426 13.447092 14.311535
7.284799 8.043874 8.379162 9.060521 10.189394 10.252159 10.933717 10.952616 12.020140 12.393505
6.783735 9.634142 10.425518 10.574668 11.212621 11.548733 12.129364 12.260152 12.939819 13.406979
6.605263 8.643893 8.727938 9.854864 10.372404 10.419480 11.090949 11.165582 13.455373 14.213678
6.212985 6.384072 6.564248 8.673174 9.353104 9.915007 10.042720 10.713719 11.490522 11.666960
3.079002 5.644374 8.040998 8.725329 9.601369 10.216451 10.673550 10.856670 11.303876 13.424716
5.645168 5.775922 6.773043 8.854776 9.014706 9.450000 10.712449 11.417893 12.204809 12.958507
3.647203 5.433966 6.574026 7.509960 8.884851 9.196169 9.983888 11.274589 11.599419 14.580824
4.992153 6.001915 6.559605 8.414552 9.252788 10.682558 11.202768 11.223900 14.346221 14.391703
7.649363 8.056951 8.233173 8.433914 9.845071 10.102379 10.199319 12.049171 14.069221 17.753945
4.411947 4.649282 8.771171 8.861974 9.395599 9.816914 10.637220 11.395350 13.357120 13.572525
7.222032 7.324241 7.547736 8.048708 8.285525 10.411803 11.415734 11.893505 12.282693 14.540601
6.149844 8.671863 9.755073 9.865428 10.518066 10.834546 11.395749 12.126821 12.239315 12.704519
4.924358 7.558902 9.963562 10.220293 10.378914 10.510456 10.531111 11.078086 11.341333 12.563408
6.635416 7.199545 8.031315 8.749232 9.007300 10.437171 10.994390 11.564426 12.258256 12.898801
1.912728 3.861838 7.061341 8.488275 8.687442 9.761083 10.147825 11.044765 13.899755 15.213421
3.269432 6.439754 7.953571 8.374895 8.808634 9.780776 10.086147 11.807218 12.399556 13.681361
8.651717 8.797378 9.357165 9.431095 9.755785 9.879474 10.402988 11.151586 13.559497 13.877483
5.535322 8.123959 8.352531 8.636941 9.854413 10.040380 10.855669 10.898850 11.221383 14.544537
8.312632 8.465433 8.885782 9.274671 9.536131 9.613209 9.941900 10.408001 10.659579 11.240712
4.153346 4.660063 8.777521 9.269440 11.841079 11.905641 12.513470 14.128680 14.366620 14.870606
4.578906 4.753421 9.362525 9.764327 9.825888 10.460927 11.106491 11.116718 11.454002 15.171532
0.769886 5.261916 6.596721 10.225003 10.523346 10.904747 11.142460 11.336371 13.596254 13.724681
3.633957 5.897019 8.145223 8.586768 9.328409 10.052745 10.957199 11.654383 12.369842 15.458302
7.094205 7.974504 8.041313 9.584997 9.686168 9.703486 10.354404 14.061000 14.812214 15.357047
7.548469 8.733515 9.724793 10.385000 11.447202 12.038706 12.346169 12.785318 12.792405 14.718249
7.024676 7.500012 7.645774 8.239568 8.581033 8.857976 9.970091 10.032814 12.859849 14.728819
6.771153 7.183039 7.888707 10.695175 11.002955 11.683403 11.899449 14.157431 15.197419 15.880266
6.856911 8.180872 8.676235 9.872318 10.165270 11.356126 11.400415 11.591616 11.961312 14.473921
5.673271 8.376773 9.641548 10.826880 10.940861 11.240746 12.290698 12.926616 13.315241 17.933896
2.980670 5.686450 8.446644 10.029833 10.761423 11.282343 14.072785 14.463889 15.287586 17.576156
4.754408 8.852651 9.418571 9.837858 10.233039 13.085300 13.253934 14.199948 14.329071 17.488022
4.631752 5.517997 8.483099 8.886434 10.716814 11.365462 12.023498 13.311194 13.834926 15.845243
4.964284 7.066659 7.880178 8.434311 8.833685 10.431972 10.584845 13.192270 15.282605 16.578770
4.080771 4.381486 4.798543 5.004513 5.195286 6.161813 9.557115 10.324473 12.843398 17.541049
5.311252 9.562156 9.830123 9.847366 10.549616 10.770608 10.824895 10.972113 11.168216 12.805943
6.344268 7.978573 8.181492 9.732012 10.578520 13.270344 13.446018 13.592956 13.850722 15.944192
0.826357 8.117224 8.661709 9.650272 10.095065 10.519668 11.235136 12.695947 15.616729 16.280209
5.765506 6.739538 7.606310 8.233908 8.399391 8.849911 9.349691 11.067170 13.308609 14.003561
4.143336 5.490253 6.785788 9.785760 10.698101 10.875220 10.960362 12.262917 13.870032 14.854907
5.464390 6.106355 6.454757 8.378575 9.372410 9.391807 10.188632 10.232394 14.034054 15.735474
8.862199 8.997316 9.959295 10.269406 10.455953 10.994524 11.584287 11.752746 14.535199 15.502116
2.327137 5.258333 7.498259 9.128599 10.706485 10.895981 11.120650 11.124311 12.212518 13.073060
2.297809 7.568815 8.166049 8.739289 8.748252 10.229895 10.675694 11.317410 12.088806 12.241251
4.220422 4.850230 7.855418 8.535704 8.973400 9.384986 10.815168 12.661647 12.944435 13.546062
5.127550 5.588707 7.048844 8.299874 10.321997 10.591024 12.337397 12.779052 12.846591 14.501481
7.470957 8.016859 8.320967 11.462268 11.479883 12.116780 12.472310 13.358584 13.380449 15.188535
7.667611 7.878459 8.636793 8.899236 8.968548 11.801038 12.310337 12.441207 12.810183 16.746476
6.849698 7.294440 7.799058 8.359995 8.368869 9.828542 10.172197 10.748180 12.869531 14.656480
8.446681 8.968608 10.026413 10.349710 10.635126 12.191090 13.180350 13.361036 14.043394 15.203776
2.037499 3.715277 5.454093 6.210843 7.034120 7.355878 8.556790 9.385776 10.745251 13.199523
6.334620 7.666135 8.265231 8.781770 10.380689 10.810583 11.160847 11.715424 12.475429 16.660918
2.687547 5.186773 6.592958 7.950782 8.757542 8.970469 10.129564 11.731830 15.232781 15.573346
3.265502 4.954393 6.571931 7.678656 8.067793 10.651614 11.110944 12.605378 13.389577 13.675499
5.353913 6.299909 6.742663 7.198039 7.762299 7.921158 9.523711 9.645114 10.289896 14.385351
4.591384 6.831781 8.646442 11.680634 11.777898 12.088071 12.185119 13.351552 14.226158 16.054509
4.834350 6.844000 7.052712 8.679906 9.053795 9.112703 9.714981 10.019672 13.927741 16.543827
2.746386 8.064421 8.443874 8.491271 9.594038 11.358946 11.830218 12.213591 12.764266 16.542810
6.054206 7.804487 8.630457 8.996887 9.054120 9.769593 10.263278 10.476634 12.530906 13.353005
2.930793 5.113540 7.567741 7.995248 9.128606 9.132545 9.752717 11.229076 12.761607 13.798664
3.452751 6.727180 8.343858 8.425136 8.898689 9.198824 10.551957 11.425621 11.664243 15.010089
4.912608 6.915477 8.714631 9.068255 10.098519 10.684322 11.537219 12.489174 13.289099 14.873766
3.584479 6.146212 8.247774 8.318985 9.531031 11.114811 11.276682 12.887369 13.157480 13.642513
5.835832 6.591989 6.943988 7.763392 7.948382 8.283646 9.716406 10.660278 13.289505 15.936044
3.583992 4.460545 7.721311 8.608847 8.935423 9.122136 9.169306 9.683040 13.838976 15.391217
4.340877 7.169270 7.834034 7.964015 8.263525 9.870649 10.884054 12.108509 12.924584 13.119260
6.502987 8.653860 10.392406 11.144187 11.334198 11.454232 13.348336 13.583046 16.288418 16.374643
7.402130 8.576244 8.855118 9.199977 10.553526 11.179303 11.939750 11.944149 13.389412 14.139540
5.692228 6.492538 7.164524 7.432566 10.791664 11.954904 12.757489 13.087080 13.558197 13.674064
5.317905 5.401512 6.739047 8.333317 9.105767 9.110901 9.211634 9.279686 10.229538 11.357066
5.191447 5.461646 6.926819 7.775648 10.250323 10.389250 13.372673 13.525145 13.636046 15.490836
3.938262 5.646157 9.877580 10.390743 10.461994 10.779319 12.282775 12.792219 14.571793 17.212619
6.233317 6.540237 8.591456 9.409492 9.620347 10.292824 10.303697 10.448684 12.159894 16.562335
4.728389 7.161660 7.633829 8.506127 9.658045 12.152161 12.947576 13.618145 13.775771 15.988173
2.773643 6.665473 7.624263 8.845644 10.018088 10.248380 10.770800 11.104471 11.488647 12.621480
6.555538 7.709128 7.799442 7.844337 7.994911 9.341716 9.609959 9.933958 10.534415 13.273114
8.542128 9.225272 9.392562 9.418240 9.509129 10.584723 11.056886 12.295544 12.617314 13.264166
2.426518 3.787010 5.976733 6.612535 8.151122 8.439191 12.824352 13.448291 13.491284 13.670625
5.476396 6.931105 6.947596 7.825881 7.903769 8.313499 10.213458 10.736861 15.357658 15.635344
3.524448 5.118998 6.125355 9.749648 9.806633 10.036847 10.769345 10.960087 12.466022 12.514039
6.581946 8.713396 9.855014 9.940975 10.493795 10.522752 10.608837 11.472887 11.563400 11.814950
3.647204 4.172204 7.303502 7.397960 8.801025 10.406047 10.408650 12.044154 13.251051 15.990848
7.032888 7.055586 7.450931 8.786748 9.336421 9.394264 11.397649 12.267045 12.666599 15.177365
6.142417 8.223110 8.567476 9.850358 10.693163 11.095285 11.393063 11.672481 12.188086 14.375263
5.436415 9.369507 10.239449 10.377380 10.946988 11.162073 11.560180 12.030025 13.639497 14.112130
3.692558 6.481953 8.478867 8.481965 9.009966 9.476708 10.559997 11.121497 13.648257 13.904868
4.539120 5.285546 7.760654 7.941783 9.377522 9.457772 9.869610 13.064302 13.733147 16.503008
7.042690 7.820156 8.523842 9.539454 9.734033 11.316653 11.420025 11.428842 13.018520 16.534656
6.260115 7.120147 8.334008 9.177242 10.122570 10.883027 11.376862 11.616186 13.471356 14.697655
3.622355 9.763666 10.366318 10.445915 10.742333 11.724594 11.977193 13.373603 14.439488 15.564554
4.402611 5.364524 6.415984 7.003363 8.209297 8.584173 9.356441 9.881897 14.612914 15.023560
6.257110 9.143280 10.919307 11.408150 11.611451 12.200702 12.651142 12.723394 12.859074 16.399287
4.133510 9.024646 9.360378 10.058579 10.214553 11.764803 11.764887 11.945870 14.881202 15.854944
7.505315 8.590305 8.853900 9.298653 10.623378 10.842328 11.591162 11.878906 12.277413 13.207402
3.931519 6.748905 7.992785 8.864057 9.339277 9.927116 10.319873 11.193721 12.539350 14.320296
6.052094 8.260212 8.906212 9.503583 9.757061 9.782596 12.070057 12.439281 12.472902 14.206731
6.275446 8.090895 8.879383 9.468902 10.470852 11.273691 11.980938 12.399897 13.841358 13.881520
7.445239 7.657596 8.703895 9.426536 10.116493 10.708088 11.089404 11.404726 13.334210 15.778791
2.859566 6.389322 8.353127 8.731651 9.177531 10.416277 10.657785 10.969448 11.249231 21.018988
3.703909 5.271963 6.507697 6.972691 8.866467 9.699838 12.052449 12.614717 12.855306 14.037826
