23.540745 24.426340 43.276708 60.154518 72.479828 81.337684 90.190502 101.916824 127.164904 189.177129
18.404202 34.714051 44.633501 46.795511 49.386267 53.426197 80.811577 96.735892 101.742873 187.281957
11.859360 12.803442 35.272805 51.869908 64.728574 66.278583 74.325214 75.363430 131.372333 192.931108
4.510431 4.912448 14.319969 22.048774 43.519722 60.097863 78.801039 93.711609 131.200039 296.669801
2.082016 3.144483 9.967145 52.056643 76.064330 82.245287 86.578149 107.279447 160.308701 162.547460
0.123285 30.625222 43.130176 76.184660 91.919741 105.301468 149.962300 150.065503 153.895967 205.447702
5.075118 6.503704 22.255310 22.957073 48.006991 49.651968 66.458694 116.605204 232.113909 238.771425
0.474922 4.772479 5.077465 29.157396 84.229835 108.402963 126.517483 180.204341 197.031998 220.007124
23.271194 24.769421 30.760832 49.888221 56.534422 77.414908 104.953212 121.473691 173.046836 226.619531
0.010818 45.809874 55.780442 79.027496 100.494187 108.898625 121.887222 128.762647 151.448180 180.559102
20.773554 28.487771 28.682990 51.660648 55.468304 66.868926 71.173534 100.442216 107.552815 112.538802
4.224091 14.893283 26.286606 39.009097 41.797770 50.339975 57.849441 60.158482 92.443212 183.741515
14.076978 28.105334 31.023927 50.833574 72.589244 73.485577 106.362711 131.345793 141.105606 226.718990
3.024485 21.706347 24.133140 29.572321 40.683080 72.097492 121.264428 123.315415 139.862723 213.406031
16.346651 21.748292 28.125972 39.231445 45.987377 62.313475 93.291916 108.617579 113.454341 144.387738
27.277396 37.046156 50.465458 57.046422 61.610046 79.560525 93.975861 108.816160 114.719074 173.045986
1.798542 5.844691 19.773257 21.715108 21.735783 61.995688 64.520385 64.800352 67.019180 142.092816
29.618802 68.177727 75.775303 109.184655 128.133669 129.511729 130.364622 154.461417 186.814932 274.208474
0.439445 1.214986 2.822595 27.742558 69.087684 86.004041 100.795264 146.262448 248.247896 252.865404
11.060169 18.369510 23.956687 43.797735 44.700868 54.682350 68.763781 73.098625 135.569214 152.584093
3.151128 15.732320 32.021112 36.914680 86.662690 116.962056 125.827650 158.453540 162.458801 180.351548
6.859903 9.988071 25.615451 34.946169 72.008504 90.812832 95.284473 126.465957 189.974994 194.119617
12.976271 13.942730 14.016050 24.173859 33.212692 44.903274 63.849816 80.522343 81.991177 112.737153
5.490626 5.578360 7.664040 52.947884 70.941275 79.028625 91.978734 142.218550 142.877949 251.290633
0.546236 27.701795 39.040652 42.231341 46.794296 102.252653 115.213297 120.546088 130.061869 137.395600
37.944349 39.293433 40.162133 44.272726 56.823573 85.061053 98.584968 106.321222 106.414904 202.622681
16.630915 38.063750 50.459700 68.961750 99.423231 104.162577 125.913708 154.495368 237.476028 248.022513
8.999677 15.271995 15.736752 30.909275 33.075675 34.009664 71.005331 114.102218 134.903078 190.013707
1.428667 23.345347 38.838623 55.217078 62.190176 69.825045 80.218127 80.640973 87.118259 120.680959
17.706703 43.031190 43.782514 47.394785 59.729395 87.945010 88.675866 134.541663 216.396055 264.586235
6.566561 12.060895 16.528496 52.293897 63.539266 72.790681 94.151601 94.798698 101.444818 237.414791
6.476651 17.002165 49.643736 71.000044 83.597066 93.283969 105.072452 111.024651 115.828487 135.198582
5.745608 10.180394 27.277680 30.434105 40.684953 41.320547 71.265959 105.431053 176.340608 226.395234
11.486177 27.102737 75.828929 80.225533 92.893612 117.430177 121.640835 129.148827 151.597598 210.877500
20.928812 22.469677 32.357715 37.535453 53.374452 77.343407 78.049547 121.975637 220.111182 228.240640
21.085423 27.175619 55.010028 62.860782 64.184556 67.953040 75.408079 94.746940 131.901823 185.148345
27.882670 29.930134 53.437766 69.505204 75.763493 155.719496 173.974199 213.884216 247.111022 310.026009
10.313670 22.327386 22.627277 28.089209 67.553532 70.809356 71.083790 90.737041 133.081435 187.813212
12.473489 17.371802 33.875020 36.821841 50.570658 52.045082 97.132377 111.494112 117.899232 122.831918
1.140919 25.069783 42.605574 57.068519 70.157294 82.757295 87.277192 147.883636 158.722207 197.013572
2.125290 18.260865 33.031635 44.675838 61.878941 90.707841 143.054198 158.949575 162.288091 186.607541
11.699865 20.886693 26.448779 27.670299 56.298252 60.900745 73.983937 75.353780 128.742733 129.142414
13.721354 15.062028 18.261348 59.665882 60.148758 77.931753 121.761979 197.171462 204.290458 220.861170
12.572822 21.752289 26.547004 48.057817 90.778811 112.247467 113.054829 127.893771 143.822470 178.117063
27.629759 38.505017 52.132695 57.819428 58.671330 78.698903 154.028377 156.799379 161.870853 163.389571
4.861089 18.326635 24.639665 51.922236 58.071389 101.716410 110.984536 128.782716 152.511884 191.262561
9.059012 16.519030 20.607651 30.586284 36.608367 43.023843 77.042941 121.650034 137.552893 152.509267
20.901945 23.026340 31.618129 37.594981 54.503287 62.050939 69.696621 89.700124 89.857307 190.136235
4.936448 8.226916 19.808248 42.818611 68.309855 85.764050 105.950603 119.271650 133.958745 210.331326
7.152674 7.240472 7.873719 50.739588 75.482870 115.043617 117.458899 137.380582 141.691666 198.692941
21.850965 36.304309 38.801516 44.886464 131.004161 136.365904 174.728794 181.355457 191.176311 226.562421
2.402124 6.194583 11.260013 34.040962 37.624140 49.400657 56.803344 85.103857 121.105902 130.682087
3.827757 16.068696 40.190833 41.291947 57.904145 70.597043 80.875858 81.816308 96.769963 103.075567
1.750795 24.432987 24.923742 26.461893 30.454762 46.623532 57.989681 72.236719 123.496045 205.868509
15.615400 45.101956 47.046158 48.110196 59.691841 89.394222 139.044044 142.505343 154.894899 161.575174
2.763582 25.099452 28.060107 32.456021 38.553694 46.200848 58.290511 65.135377 111.392708 185.748700
7.321320 27.787219 56.628874 59.959141 96.545953 116.189462 121.012673 126.059197 139.900345 201.669870
8.959366 20.596209 40.635931 49.635256 55.236080 63.011779 115.584610 160.828987 191.526916 247.267190
8.397998 16.645573 23.870638 61.576603 83.905290 97.980072 103.056570 113.211752 156.639395 282.584342
10.823708 11.646555 12.041206 14.279722 53.147804 90.937648 95.343886 98.225314 128.315410 180.088566
3.564684 5.150141 41.786989 85.165893 106.249638 121.505216 121.914161 143.436693 148.868458 184.460626
2.571523 12.676026 30.175929 34.427096 35.535035 79.957690 82.425978 101.206365 122.603674 161.568048
3.844513 24.036113 30.300636 38.123536 44.874482 59.353452 103.319597 106.294266 146.997249 155.667806
6.526043 8.740648 17.035285 17.375306 27.147851 32.401563 39.569214 76.870740 97.145932 150.656139
23.705533 32.639192 35.089375 36.485377 37.837917 44.106552 85.420134 91.883301 127.461747 135.601003
4.513455 8.502502 10.738781 25.935496 84.790458 91.617599 111.840513 133.910423 159.734070 169.049001
13.510383 23.761070 25.292985 29.212869 30.341702 87.143603 104.635048 140.168435 175.945806 192.768470
0.156872 5.319930 25.883012 44.310512 61.349994 75.311596 104.901845 105.660408 122.115171 135.496778
5.481435 17.329750 19.741517 20.948030 34.068210 37.079101 53.481964 79.032051 100.100113 128.519593
22.666849 26.615579 34.575311 43.953769 62.769908 68.436432 68.887236 73.744977 85.072074 139.748262
2.705088 31.268422 35.425966 66.492779 88.111823 93.988388 103.101836 116.947711 120.302265 211.596286
1.498164 24.857209 27.968104 32.410282 35.953215 53.989012 138.451201 141.872441 145.401582 178.681793
6.620597 33.368012 49.332939 62.359504 65.277783 67.817425 76.483796 101.917175 121.474313 133.774130
14.697269 26.185161 28.292238 64.817711 70.813689 91.785149 96.202058 104.383531 144.784391 187.772672
17.507890 41.359164 43.565357 46.026855 54.609547 92.399948 155.955365 174.655641 175.326026 231.586585
10.978653 23.778392 29.760021 30.939048 37.109768 38.991791 75.100277 100.754185 119.356954 131.020503
13.081187 22.634691 37.242687 45.430519 52.990704 57.123352 78.166814 87.296031 94.832260 212.249897
33.049314 34.975653 48.216293 48.579762 50.338505 87.962071 135.626377 147.387277 178.494365 207.966884
1.839456 11.216798 20.468742 33.405259 70.429164 73.025638 95.017163 116.929707 164.644282 212.175683
0.609386 27.572733 39.381562 64.250633 74.128597 75.093996 93.573976 154.675944 183.505086 222.168562
13.942081 34.100857 58.641848 73.128020 81.253585 95.406399 105.184036 115.622082 148.549481 238.455322
15.259724 16.701897 52.099820 66.303144 70.604964 72.497318 93.019095 110.187417 179.213245 308.796990
17.868944 33.153331 53.338354 88.238561 99.355813 107.456112 109.023041 112.512301 114.453401 186.866129
1.128598 21.663926 27.047788 35.560126 38.586216 44.749368 55.317359 58.797571 99.364131 348.118071
2.472276 39.036632 58.666258 74.064757 99.165798 102.842112 123.717557 174.444030 286.042829 289.297983
8.725914 29.315001 52.769607 61.246893 64.573849 67.140136 112.103386 119.942588 132.324878 207.954559
11.387648 15.049329 33.898745 44.216438 79.517264 84.724228 90.382064 114.850253 179.729051 228.849378
4.524491 7.923449 61.833856 72.384098 77.183561 100.138725 111.324394 133.037234 207.710723 210.543205
30.825399 34.043079 42.244269 44.905778 59.926328 81.851163 96.019701 116.643151 182.891507 233.907909
5.595777 10.697959 47.972231 68.137610 71.129246 97.616849 163.917066 192.014984 212.289975 220.900267
0.013332 17.568639 28.390547 33.319836 33.341677 59.027080 75.376608 153.268922 185.732738 188.947019
5.810103 18.899360 45.436693 86.633852 87.688398 100.216786 107.234538 112.456584 155.718833 156.808202
7.619185 23.366608 46.403283 56.623964 68.359320 98.519072 114.243771 135.267002 187.948471 225.503424
34.589879 40.254926 46.452174 57.093977 72.532624 78.245163 109.507139 130.119851 130.178456 182.507020
31.367179 52.009279 54.077104 65.813660 80.335276 88.703411 93.648845 110.929814 124.058723 146.149697
17.357518 36.124333 41.137339 53.815702 76.203052 134.660308 140.312089 149.746824 154.058401 154.063381
27.637037 30.753827 30.915196 37.569848 60.645933 96.682964 122.761427 136.019854 150.535576 185.928801
8.109507 10.779392 25.058261 55.252168 58.752230 79.564282 87.987413 89.118525 93.970654 167.038730
4.840220 11.876531 17.234647 20.276180 24.524961 68.738623 76.987787 111.097269 112.962416 120.222876
3.578043 21.037814 28.105144 37.821627 44.826564 68.411713 105.381375 116.794841 170.486098 187.021246
5.783028 22.249834 40.527182 58.264959 67.984866 105.156712 110.784401 138.997497 160.519284 208.549832
36.429020 68.931795 72.050303 72.700217 74.570092 83.106708 125.259323 132.473866 170.350706 328.601896
3.254802 26.324337 44.513533 52.238085 62.587902 72.407206 103.393174 159.591715 163.886847 185.106461
5.225846 22.757035 26.348821 33.840525 47.513280 60.680275 66.902905 84.220968 140.847341 141.430950
3.862659 22.967468 60.554396 84.043807 86.384784 128.566990 135.581326 150.577561 201.797058 256.456444
11.359779 25.187646 25.968619 34.022552 42.930281 53.319050 61.464242 74.026149 85.970966 131.500738
8.781646 13.845171 15.352016 21.062203 24.623352 28.739463 50.847089 56.044604 101.337525 228.053659
2.117531 15.171953 19.199572 28.457883 95.295822 114.203517 115.000598 145.487608 207.836335 222.195684
21.343070 25.139681 45.098493 67.363888 76.001052 94.608752 103.189043 119.553564 133.943072 199.220687
8.030931 35.443365 35.732784 36.908247 56.520499 73.290685 82.953528 82.978164 91.100500 146.160284
5.407970 16.298447 19.729695 36.695452 56.914308 93.197516 105.383975 109.082841 119.482256 198.692026
11.045396 41.183812 49.512191 51.189465 55.010588 60.289776 62.938648 94.138370 150.295465 178.648146
18.917042 33.634856 44.068010 73.530715 85.310505 93.905817 96.123846 105.944475 162.835559 242.891813
15.915352 21.976713 38.873386 63.725431 64.812521 87.847784 141.218140 152.732909 167.326875 194.944477
8.188743 34.447797 35.549911 76.017333 83.764462 93.794838 102.427077 112.939590 115.321380 168.019434
35.732334 36.517185 52.582619 55.620570 69.732392 86.136982 108.610881 130.924622 196.320025 227.703906
0.775333 16.989374 39.656351 39.997335 68.023064 105.970519 129.095168 129.972790 169.076348 193.048161
12.365397 43.360552 45.095617 62.443126 82.610291 92.991384 110.420671 134.678497 168.119366 195.899601
11.138791 17.967599 28.514445 43.233040 63.000934 112.937992 127.978960 162.937079 169.172302 289.480496
0.332809 46.312482 50.120884 53.157570 71.136911 71.391547 78.031349 79.429166 97.074116 139.030172
0.226298 11.845888 38.824027 85.171853 92.162718 122.656590 136.455438 146.311207 164.781483 182.082917
41.403845 46.914301 49.642136 72.011205 75.901952 80.241499 93.248125 99.733177 117.471573 196.062413
0.273130 13.476753 27.695308 46.387697 49.204333 113.886030 114.353405 118.084021 133.117541 142.281292
1.720450 8.375828 18.232780 19.334032 53.122678 53.429598 59.005442 82.005443 107.241429 135.775046
4.539418 4.602338 15.356646 32.533824 126.709652 130.035340 142.005070 188.315985 191.619620 205.778766
8.748666 33.386754 34.206115 40.020641 74.920823 75.441440 104.306490 108.345059 138.106243 201.446957
20.805609 23.479794 39.325116 50.791350 69.235429 107.095268 131.941310 132.174584 137.084806 137.770711
10.351487 19.181871 34.369544 36.342420 44.711645 55.628165 61.758418 106.573346 109.269373 128.667509
15.973481 19.755342 30.549938 37.564189 38.930484 41.102313 47.468081 58.455434 67.936334 145.854720
6.004905 9.286032 14.097681 30.543514 50.684575 75.262848 121.620257 131.345378 159.415356 159.856806
18.862598 25.395259 26.561915 28.873419 37.107317 39.906462 53.721483 93.376776 135.094643 187.253248
2.114369 5.555701 17.696972 43.940992 45.362258 74.279985 97.253651 135.009435 138.169605 154.103537
3.648676 8.711853 35.749240 44.891244 62.748303 63.103663 71.017654 99.896476 100.313524 130.475253
30.719769 31.057957 38.581898 42.699008 43.665924 48.133900 64.145396 89.787114 121.700439 123.682105
2.867126 10.264385 25.815505 42.133310 50.941820 54.067107 63.436952 77.920032 81.331504 83.146484
15.164242 23.924454 24.960890 25.416705 36.180647 55.023478 101.779501 148.393034 163.554550 191.322694
4.084313 11.519397 20.220665 33.058462 38.326886 65.563571 95.602875 123.677080 129.165152 130.739213
5.643315 8.563435 21.480503 72.370252 90.882051 97.828776 110.642394 118.957910 124.703501 150.142863
5.895646 52.633249 60.450891 129.133163 141.015075 148.466716 150.484962 151.582855 176.584032 314.578996
20.415097 32.966134 46.490885 58.937347 63.581335 77.886369 97.479509 114.701347 166.383592 217.257952
9.280763 18.711924 20.886626 52.185682 95.786202 117.019996 121.596786 126.512646 153.848381 169.464053
15.863233 18.585420 19.737972 34.756138 39.381294 47.685533 53.767434 54.309425 71.845257 150.352822
26.284703 34.906840 66.397593 79.310939 83.849488 83.916848 84.226770 99.091848 159.497200 168.746364
91.442444 93.591027 110.327757 115.016630 124.486208 144.345463 145.710366 161.306708 174.993221 188.928313
4.312733 9.127981 22.335817 53.766792 67.277724 94.165269 100.019660 102.343437 103.882134 200.523123
9.206912 18.827526 38.196143 42.631661 48.563526 50.963334 62.266235 93.107080 149.114924 183.616908
1.361799 2.715923 3.080629 5.113592 9.335014 30.314868 64.572134 85.841413 149.215845 299.061781
17.280038 28.046545 38.696976 57.195000 63.622109 75.985496 121.369523 136.024489 138.730910 150.907519
8.768598 12.572119 31.244061 40.402585 42.589264 43.498256 62.911589 65.279031 88.712692 169.476991
17.697223 19.714290 31.942074 48.454306 49.821624 54.580616 63.272371 66.393369 148.089183 200.313311
26.489892 52.837365 65.476385 95.267700 102.296778 106.508350 152.377692 180.425500 205.869754 264.551716
11.017694 55.926439 101.726405 101.728496 106.323968 106.701051 126.323578 150.058415 165.513388 201.260402
5.207733 12.371014 25.322131 37.009421 61.338309 101.475905 160.018509 161.280648 193.904110 303.083176
1.637961 7.873334 41.485446 42.082274 44.454510 47.100765 59.895675 65.939202 121.409271 175.289900
7.077533 17.871861 25.705004 36.177126 38.156809 70.891262 71.515022 76.620873 176.601710 199.395265
1.728151 20.358114 21.350750 37.838221 49.625459 53.961877 67.786386 93.819600 138.417331 217.870357
9.568902 36.859116 47.508969 55.335527 90.882231 101.805990 143.921006 152.029187 181.484842 192.348010
6.496162 7.176109 20.155086 32.399033 49.920172 63.206653 70.779273 96.844231 124.150342 135.155308
19.510462 36.501730 37.639548 59.657600 63.871133 96.903809 119.938559 120.459405 130.242583 169.413506
0.831838 21.903597 22.261589 46.894096 56.464388 67.423888 90.322674 152.666898 196.228501 232.771084
25.157195 32.390611 33.256533 35.573684 47.135862 71.770609 81.137500 83.636860 92.380324 101.459313
18.843295 20.489960 20.981242 39.192805 42.590279 71.460958 83.298558 163.435731 224.034201 250.881413
3.246592 29.199587 34.142255 49.307366 74.228345 84.039730 109.455593 134.332563 136.180895 193.314111
16.194907 21.551476 43.212059 64.861016 65.711483 81.954460 82.695421 95.690199 161.883505 171.616281
46.094092 82.010433 89.877798 111.011226 141.256659 169.820583 177.305662 178.439255 215.376639 220.904919
0.648438 20.359603 36.645857 56.123277 71.533571 74.956652 76.445955 86.032050 106.535067 166.048606
7.294790 20.528487 22.529615 32.383313 52.921462 53.193902 85.617728 106.557054 112.596397 135.846455
22.731821 26.320345 31.918678 41.205036 54.772264 64.891042 73.623522 74.381098 79.013929 183.242266
6.392695 10.572557 12.422937 40.023491 62.188428 66.646118 75.409128 84.996748 161.349540 165.546233
16.016874 18.042972 22.189935 28.260701 31.103567 48.428489 68.394192 90.772726 92.705837 149.194065
9.579336 42.670146 58.449103 69.443025 69.911374 83.276004 100.731726 103.925953 135.406356 162.633940
54.149712 62.667916 73.623441 75.254155 80.286934 94.652485 105.497992 108.164775 122.913056 200.976624
11.667745 12.542549 36.706261 48.645949 53.573870 70.512085 80.484683 89.578916 123.088762 147.621935
0.372288 5.515960 19.394644 89.106007 99.317833 102.577226 102.880846 138.268746 157.396822 186.259855
14.450279 18.123991 23.661849 58.372785 61.669613 86.600927 102.769592 114.895727 131.951078 169.041713
21.971177 26.762727 38.645506 69.497822 74.371680 80.860587 138.356948 147.669479 166.142593 206.849900
10.379359 16.812823 18.020509 21.593624 21.706355 64.648840 66.002263 99.276560 100.703737 147.154708
51.625945 57.597033 63.342241 66.945261 75.574427 76.288860 97.187592 134.665904 135.074307 151.402094
1.282349 20.389196 20.996402 45.724531 47.220844 52.722806 88.415081 100.972960 121.470760 213.841302
14.374335 17.688414 24.706177 27.489363 52.850638 55.655022 75.636856 121.117774 135.726011 222.686070
15.149270 31.683860 42.878876 54.392858 74.279589 84.152900 144.077780 169.558961 178.459346 180.995606
1.144922 17.445906 17.959520 36.785479 68.274015 98.682130 111.614446 122.848673 124.544590 246.016024
2.339135 22.646375 28.394765 29.386048 42.730756 45.228783 47.881545 184.871084 237.361582 268.914470
0.678565 46.159649 47.276439 51.206114 71.430517 88.678542 104.959687 145.588488 153.963802 162.036502
1.846008 8.456244 38.340536 38.853507 57.992712 58.042825 61.268867 70.489881 153.010320 169.457436
10.432913 42.968694 52.070433 75.280074 96.298993 105.490997 137.590724 147.643641 184.183288 228.238412
1.381313 24.291847 40.659684 41.676172 47.422085 89.306909 95.133841 108.668111 140.314827 150.798475
10.315992 11.664151 40.118345 52.312069 55.879039 57.744798 101.819699 148.330139 174.146211 244.864551
0.649571 1.926178 14.614439 53.502782 69.865339 77.217463 89.633109 104.786394 166.168815 290.646452
8.830729 15.686885 25.423159 45.098474 45.325915 91.107383 121.208159 182.676505 206.320812 239.785404
13.556523 50.534155 52.552451 67.504827 93.805300 129.271973 147.433131 154.863037 166.240660 199.105888
2.098770 9.221665 19.570844 27.443499 27.647588 35.584505 36.456523 60.624595 109.724100 240.120032
1.365729 3.749357 11.623636 41.210740 61.904975 76.554769 78.248927 79.809143 167.564593 226.265651
6.682061 66.899663 72.195045 90.954780 101.390533 109.740039 113.924441 144.188079 144.736880 164.976780
1.036473 8.474703 37.906483 47.529720 49.493923 50.386852 72.356637 79.364716 82.459455 112.218219
6.345626 9.121889 15.522967 17.073718 24.957535 28.883431 89.907784 96.933354 102.422477 221.886155
12.048001 12.254888 13.659112 25.015638 61.623896 69.750598 70.494766 141.027848 159.327803 184.642929
13.160585 16.419890 28.718469 38.940918 72.849359 92.582593 113.814721 147.421151 181.631431 270.922147
0.761654 10.314845 21.124627 25.549136 32.791110 61.329509 70.297203 75.758131 88.502309 103.258123
12.277319 19.914745 31.822139 52.893164 71.011624 75.498654 88.886542 115.148277 146.977730 156.632899
13.425876 16.139867 24.257456 29.913318 34.869514 86.503581 113.833100 201.641443 208.392936 218.443572
26.669593 29.998603 39.049921 40.254099 52.451707 139.677676 146.175813 202.647019 205.355698 241.867497
13.318418 13.343709 24.852237 43.733997 55.860349 57.968993 61.583882 95.074862 100.699953 123.724909
16.449639 32.501293 40.214509 53.920789 91.050665 107.685322 147.829196 149.986884 233.850757 299.887602
20.440536 37.244292 52.980081 58.518054 62.194726 70.241887 105.723466 115.179215 125.270472 175.006545
3.050688 56.819649 56.921059 79.849858 90.459689 98.966729 120.898800 140.727525 204.558609 210.044404
10.253327 28.059432 50.846620 56.784475 60.574996 64.644149 75.454606 86.282539 175.221754 284.995024
6.718986 24.633709 33.342453 35.396864 38.845922 66.342677 72.943662 76.265586 90.030112 129.676767
7.841009 17.440958 17.639625 24.347479 52.153726 69.338810 80.219870 85.729809 127.054312 236.458189
9.967332 21.455654 22.659422 59.730168 90.698256 110.869427 124.768027 169.456765 177.275601 266.760979
